SEQUENTIAL
#field0;field1
2069994800;2069994800
2069994801;2069994801
2069994802;2069994802
2069994803;2069994803
2069994804;2069994804
2069994805;2069994805
2069994806;2069994806
2069994807;2069994807
2069994808;2069994808
2069994809;2069994809
2069994810;2069994810
2069994811;2069994811
2069994812;2069994812
2069994813;2069994813
2069994814;2069994814
2069994815;2069994815
2069994816;2069994816
2069994817;2069994817
2069994818;2069994818
2069994819;2069994819
2069994820;2069994820
2069994821;2069994821
2069994822;2069994822
2069994823;2069994823
2069994824;2069994824
2069994825;2069994825
2069994826;2069994826
2069994827;2069994827
2069994828;2069994828
2069994829;2069994829
2069994830;2069994830
2069994831;2069994831
2069994832;2069994832
2069994833;2069994833
2069994834;2069994834
2069994835;2069994835
2069994836;2069994836
2069994837;2069994837
2069994838;2069994838
2069994839;2069994839
2069994840;2069994840
2069994841;2069994841
2069994842;2069994842
2069994843;2069994843
2069994844;2069994844
2069994845;2069994845
2069994846;2069994846
2069994847;2069994847
2069994848;2069994848
2069994849;2069994849
2069994850;2069994850
2069994851;2069994851
2069994852;2069994852
2069994853;2069994853
2069994854;2069994854
2069994855;2069994855
2069994856;2069994856
2069994857;2069994857
2069994858;2069994858
2069994859;2069994859
2069994860;2069994860
2069994861;2069994861
2069994862;2069994862
2069994863;2069994863
2069994864;2069994864
2069994865;2069994865
2069994866;2069994866
2069994867;2069994867
2069994868;2069994868
2069994869;2069994869
2069994870;2069994870
2069994871;2069994871
2069994872;2069994872
2069994873;2069994873
2069994874;2069994874
2069994875;2069994875
2069994876;2069994876
2069994877;2069994877
2069994878;2069994878
2069994879;2069994879
2069994880;2069994880
2069994881;2069994881
2069994882;2069994882
2069994883;2069994883
2069994884;2069994884
2069994885;2069994885
2069994886;2069994886
2069994887;2069994887
2069994888;2069994888
2069994889;2069994889
2069994890;2069994890
2069994891;2069994891
2069994892;2069994892
2069994893;2069994893
2069994894;2069994894
2069994895;2069994895
2069994896;2069994896
2069994897;2069994897
2069994898;2069994898
2069994899;2069994899
2069994900;2069994900
2069994901;2069994901
2069994902;2069994902
2069994903;2069994903
2069994904;2069994904
2069994905;2069994905
2069994906;2069994906
2069994907;2069994907
2069994908;2069994908
2069994909;2069994909
2069994910;2069994910
2069994911;2069994911
2069994912;2069994912
2069994913;2069994913
2069994914;2069994914
2069994915;2069994915
2069994916;2069994916
2069994917;2069994917
2069994918;2069994918
2069994919;2069994919
2069994920;2069994920
2069994921;2069994921
2069994922;2069994922
2069994923;2069994923
2069994924;2069994924
2069994925;2069994925
2069994926;2069994926
2069994927;2069994927
2069994928;2069994928
2069994929;2069994929
2069994930;2069994930
2069994931;2069994931
2069994932;2069994932
2069994933;2069994933
2069994934;2069994934
2069994935;2069994935
2069994936;2069994936
2069994937;2069994937
2069994938;2069994938
2069994939;2069994939
2069994940;2069994940
2069994941;2069994941
2069994942;2069994942
2069994943;2069994943
2069994944;2069994944
2069994945;2069994945
2069994946;2069994946
2069994947;2069994947
2069994948;2069994948
2069994949;2069994949
2069994950;2069994950
2069994951;2069994951
2069994952;2069994952
2069994953;2069994953
2069994954;2069994954
2069994955;2069994955
2069994956;2069994956
2069994957;2069994957
2069994958;2069994958
2069994959;2069994959
2069994960;2069994960
2069994961;2069994961
2069994962;2069994962
2069994963;2069994963
2069994964;2069994964
2069994965;2069994965
2069994966;2069994966
2069994967;2069994967
2069994968;2069994968
2069994969;2069994969
2069994970;2069994970
2069994971;2069994971
2069994972;2069994972
2069994973;2069994973
2069994974;2069994974
2069994975;2069994975
2069994976;2069994976
2069994977;2069994977
2069994978;2069994978
2069994979;2069994979
2069994980;2069994980
2069994981;2069994981
2069994982;2069994982
2069994983;2069994983
2069994984;2069994984
2069994985;2069994985
2069994986;2069994986
2069994987;2069994987
2069994988;2069994988
2069994989;2069994989
2069994990;2069994990
2069994991;2069994991
2069994992;2069994992
2069994993;2069994993
2069994994;2069994994
2069994995;2069994995
2069994996;2069994996
2069994997;2069994997
2069994998;2069994998
2069994999;2069994999
2069995000;2069995000
2069995001;2069995001
2069995002;2069995002
2069995003;2069995003
2069995004;2069995004
2069995005;2069995005
2069995006;2069995006
2069995007;2069995007
2069995008;2069995008
2069995009;2069995009
2069995010;2069995010
2069995011;2069995011
2069995012;2069995012
2069995013;2069995013
2069995014;2069995014
2069995015;2069995015
2069995016;2069995016
2069995017;2069995017
2069995018;2069995018
2069995019;2069995019
2069995020;2069995020
2069995021;2069995021
2069995022;2069995022
2069995023;2069995023
2069995024;2069995024
2069995025;2069995025
2069995026;2069995026
2069995027;2069995027
2069995028;2069995028
2069995029;2069995029
2069995030;2069995030
2069995031;2069995031
2069995032;2069995032
2069995033;2069995033
2069995034;2069995034
2069995035;2069995035
2069995036;2069995036
2069995037;2069995037
2069995038;2069995038
2069995039;2069995039
2069995040;2069995040
2069995041;2069995041
2069995042;2069995042
2069995043;2069995043
2069995044;2069995044
2069995045;2069995045
2069995046;2069995046
2069995047;2069995047
2069995048;2069995048
2069995049;2069995049
2069995050;2069995050
2069995051;2069995051
2069995052;2069995052
2069995053;2069995053
2069995054;2069995054
2069995055;2069995055
2069995056;2069995056
2069995057;2069995057
2069995058;2069995058
2069995059;2069995059
2069995060;2069995060
2069995061;2069995061
2069995062;2069995062
2069995063;2069995063
2069995064;2069995064
2069995065;2069995065
2069995066;2069995066
2069995067;2069995067
2069995068;2069995068
2069995069;2069995069
2069995070;2069995070
2069995071;2069995071
2069995072;2069995072
2069995073;2069995073
2069995074;2069995074
2069995075;2069995075
2069995076;2069995076
2069995077;2069995077
2069995078;2069995078
2069995079;2069995079
2069995080;2069995080
2069995081;2069995081
2069995082;2069995082
2069995083;2069995083
2069995084;2069995084
2069995085;2069995085
2069995086;2069995086
2069995087;2069995087
2069995088;2069995088
2069995089;2069995089
2069995090;2069995090
2069995091;2069995091
2069995092;2069995092
2069995093;2069995093
2069995094;2069995094
2069995095;2069995095
2069995096;2069995096
2069995097;2069995097
2069995098;2069995098
2069995099;2069995099
2069995100;2069995100
2069995101;2069995101
2069995102;2069995102
2069995103;2069995103
2069995104;2069995104
2069995105;2069995105
2069995106;2069995106
2069995107;2069995107
2069995108;2069995108
2069995109;2069995109
2069995110;2069995110
2069995111;2069995111
2069995112;2069995112
2069995113;2069995113
2069995114;2069995114
2069995115;2069995115
2069995116;2069995116
2069995117;2069995117
2069995118;2069995118
2069995119;2069995119
2069995120;2069995120
2069995121;2069995121
2069995122;2069995122
2069995123;2069995123
2069995124;2069995124
2069995125;2069995125
2069995126;2069995126
2069995127;2069995127
2069995128;2069995128
2069995129;2069995129
2069995130;2069995130
2069995131;2069995131
2069995132;2069995132
2069995133;2069995133
2069995134;2069995134
2069995135;2069995135
2069995136;2069995136
2069995137;2069995137
2069995138;2069995138
2069995139;2069995139
2069995140;2069995140
2069995141;2069995141
2069995142;2069995142
2069995143;2069995143
2069995144;2069995144
2069995145;2069995145
2069995146;2069995146
2069995147;2069995147
2069995148;2069995148
2069995149;2069995149
2069995150;2069995150
2069995151;2069995151
2069995152;2069995152
2069995153;2069995153
2069995154;2069995154
2069995155;2069995155
2069995156;2069995156
2069995157;2069995157
2069995158;2069995158
2069995159;2069995159
2069995160;2069995160
2069995161;2069995161
2069995162;2069995162
2069995163;2069995163
2069995164;2069995164
2069995165;2069995165
2069995166;2069995166
2069995167;2069995167
2069995168;2069995168
2069995169;2069995169
2069995170;2069995170
2069995171;2069995171
2069995172;2069995172
2069995173;2069995173
2069995174;2069995174
2069995175;2069995175
2069995176;2069995176
2069995177;2069995177
2069995178;2069995178
2069995179;2069995179
2069995180;2069995180
2069995181;2069995181
2069995182;2069995182
2069995183;2069995183
2069995184;2069995184
2069995185;2069995185
2069995186;2069995186
2069995187;2069995187
2069995188;2069995188
2069995189;2069995189
2069995190;2069995190
2069995191;2069995191
2069995192;2069995192
2069995193;2069995193
2069995194;2069995194
2069995195;2069995195
2069995196;2069995196
2069995197;2069995197
2069995198;2069995198
2069995199;2069995199
2069995200;2069995200
2069995201;2069995201
2069995202;2069995202
2069995203;2069995203
2069995204;2069995204
2069995205;2069995205
2069995206;2069995206
2069995207;2069995207
2069995208;2069995208
2069995209;2069995209
2069995210;2069995210
2069995211;2069995211
2069995212;2069995212
2069995213;2069995213
2069995214;2069995214
2069995215;2069995215
2069995216;2069995216
2069995217;2069995217
2069995218;2069995218
2069995219;2069995219
2069995220;2069995220
2069995221;2069995221
2069995222;2069995222
2069995223;2069995223
2069995224;2069995224
2069995225;2069995225
2069995226;2069995226
2069995227;2069995227
2069995228;2069995228
2069995229;2069995229
2069995230;2069995230
2069995231;2069995231
2069995232;2069995232
2069995233;2069995233
2069995234;2069995234
2069995235;2069995235
2069995236;2069995236
2069995237;2069995237
2069995238;2069995238
2069995239;2069995239
2069995240;2069995240
2069995241;2069995241
2069995242;2069995242
2069995243;2069995243
2069995244;2069995244
2069995245;2069995245
2069995246;2069995246
2069995247;2069995247
2069995248;2069995248
2069995249;2069995249
2069995250;2069995250
2069995251;2069995251
2069995252;2069995252
2069995253;2069995253
2069995254;2069995254
2069995255;2069995255
2069995256;2069995256
2069995257;2069995257
2069995258;2069995258
2069995259;2069995259
2069995260;2069995260
2069995261;2069995261
2069995262;2069995262
2069995263;2069995263
2069995264;2069995264
2069995265;2069995265
2069995266;2069995266
2069995267;2069995267
2069995268;2069995268
2069995269;2069995269
2069995270;2069995270
2069995271;2069995271
2069995272;2069995272
2069995273;2069995273
2069995274;2069995274
2069995275;2069995275
2069995276;2069995276
2069995277;2069995277
2069995278;2069995278
2069995279;2069995279
2069995280;2069995280
2069995281;2069995281
2069995282;2069995282
2069995283;2069995283
2069995284;2069995284
2069995285;2069995285
2069995286;2069995286
2069995287;2069995287
2069995288;2069995288
2069995289;2069995289
2069995290;2069995290
2069995291;2069995291
2069995292;2069995292
2069995293;2069995293
2069995294;2069995294
2069995295;2069995295
2069995296;2069995296
2069995297;2069995297
2069995298;2069995298
2069995299;2069995299
2069995300;2069995300
2069995301;2069995301
2069995302;2069995302
2069995303;2069995303
2069995304;2069995304
2069995305;2069995305
2069995306;2069995306
2069995307;2069995307
2069995308;2069995308
2069995309;2069995309
2069995310;2069995310
2069995311;2069995311
2069995312;2069995312
2069995313;2069995313
2069995314;2069995314
2069995315;2069995315
2069995316;2069995316
2069995317;2069995317
2069995318;2069995318
2069995319;2069995319
2069995320;2069995320
2069995321;2069995321
2069995322;2069995322
2069995323;2069995323
2069995324;2069995324
2069995325;2069995325
2069995326;2069995326
2069995327;2069995327
2069995328;2069995328
2069995329;2069995329
2069995330;2069995330
2069995331;2069995331
2069995332;2069995332
2069995333;2069995333
2069995334;2069995334
2069995335;2069995335
2069995336;2069995336
2069995337;2069995337
2069995338;2069995338
2069995339;2069995339
2069995340;2069995340
2069995341;2069995341
2069995342;2069995342
2069995343;2069995343
2069995344;2069995344
2069995345;2069995345
2069995346;2069995346
2069995347;2069995347
2069995348;2069995348
2069995349;2069995349
2069995350;2069995350
2069995351;2069995351
2069995352;2069995352
2069995353;2069995353
2069995354;2069995354
2069995355;2069995355
2069995356;2069995356
2069995357;2069995357
2069995358;2069995358
2069995359;2069995359
2069995360;2069995360
2069995361;2069995361
2069995362;2069995362
2069995363;2069995363
2069995364;2069995364
2069995365;2069995365
2069995366;2069995366
2069995367;2069995367
2069995368;2069995368
2069995369;2069995369
2069995370;2069995370
2069995371;2069995371
2069995372;2069995372
2069995373;2069995373
2069995374;2069995374
2069995375;2069995375
2069995376;2069995376
2069995377;2069995377
2069995378;2069995378
2069995379;2069995379
2069995380;2069995380
2069995381;2069995381
2069995382;2069995382
2069995383;2069995383
2069995384;2069995384
2069995385;2069995385
2069995386;2069995386
2069995387;2069995387
2069995388;2069995388
2069995389;2069995389
2069995390;2069995390
2069995391;2069995391
2069995392;2069995392
2069995393;2069995393
2069995394;2069995394
2069995395;2069995395
2069995396;2069995396
2069995397;2069995397
2069995398;2069995398
2069995399;2069995399
2069995400;2069995400
2069995401;2069995401
2069995402;2069995402
2069995403;2069995403
2069995404;2069995404
2069995405;2069995405
2069995406;2069995406
2069995407;2069995407
2069995408;2069995408
2069995409;2069995409
2069995410;2069995410
2069995411;2069995411
2069995412;2069995412
2069995413;2069995413
2069995414;2069995414
2069995415;2069995415
2069995416;2069995416
2069995417;2069995417
2069995418;2069995418
2069995419;2069995419
2069995420;2069995420
2069995421;2069995421
2069995422;2069995422
2069995423;2069995423
2069995424;2069995424
2069995425;2069995425
2069995426;2069995426
2069995427;2069995427
2069995428;2069995428
2069995429;2069995429
2069995430;2069995430
2069995431;2069995431
2069995432;2069995432
2069995433;2069995433
2069995434;2069995434
2069995435;2069995435
2069995436;2069995436
2069995437;2069995437
2069995438;2069995438
2069995439;2069995439
2069995440;2069995440
2069995441;2069995441
2069995442;2069995442
2069995443;2069995443
2069995444;2069995444
2069995445;2069995445
2069995446;2069995446
2069995447;2069995447
2069995448;2069995448
2069995449;2069995449
2069995450;2069995450
2069995451;2069995451
2069995452;2069995452
2069995453;2069995453
2069995454;2069995454
2069995455;2069995455
2069995456;2069995456
2069995457;2069995457
2069995458;2069995458
2069995459;2069995459
2069995460;2069995460
2069995461;2069995461
2069995462;2069995462
2069995463;2069995463
2069995464;2069995464
2069995465;2069995465
2069995466;2069995466
2069995467;2069995467
2069995468;2069995468
2069995469;2069995469
2069995470;2069995470
2069995471;2069995471
2069995472;2069995472
2069995473;2069995473
2069995474;2069995474
2069995475;2069995475
2069995476;2069995476
2069995477;2069995477
2069995478;2069995478
2069995479;2069995479
2069995480;2069995480
2069995481;2069995481
2069995482;2069995482
2069995483;2069995483
2069995484;2069995484
2069995485;2069995485
2069995486;2069995486
2069995487;2069995487
2069995488;2069995488
2069995489;2069995489
2069995490;2069995490
2069995491;2069995491
2069995492;2069995492
2069995493;2069995493
2069995494;2069995494
2069995495;2069995495
2069995496;2069995496
2069995497;2069995497
2069995498;2069995498
2069995499;2069995499
2069995500;2069995500
2069995501;2069995501
2069995502;2069995502
2069995503;2069995503
2069995504;2069995504
2069995505;2069995505
2069995506;2069995506
2069995507;2069995507
2069995508;2069995508
2069995509;2069995509
2069995510;2069995510
2069995511;2069995511
2069995512;2069995512
2069995513;2069995513
2069995514;2069995514
2069995515;2069995515
2069995516;2069995516
2069995517;2069995517
2069995518;2069995518
2069995519;2069995519
2069995520;2069995520
2069995521;2069995521
2069995522;2069995522
2069995523;2069995523
2069995524;2069995524
2069995525;2069995525
2069995526;2069995526
2069995527;2069995527
2069995528;2069995528
2069995529;2069995529
2069995530;2069995530
2069995531;2069995531
2069995532;2069995532
2069995533;2069995533
2069995534;2069995534
2069995535;2069995535
2069995536;2069995536
2069995537;2069995537
2069995538;2069995538
2069995539;2069995539
2069995540;2069995540
2069995541;2069995541
2069995542;2069995542
2069995543;2069995543
2069995544;2069995544
2069995545;2069995545
2069995546;2069995546
2069995547;2069995547
2069995548;2069995548
2069995549;2069995549
2069995550;2069995550
2069995551;2069995551
2069995552;2069995552
2069995553;2069995553
2069995554;2069995554
2069995555;2069995555
2069995556;2069995556
2069995557;2069995557
2069995558;2069995558
2069995559;2069995559
2069995560;2069995560
2069995561;2069995561
2069995562;2069995562
2069995563;2069995563
2069995564;2069995564
2069995565;2069995565
2069995566;2069995566
2069995567;2069995567
2069995568;2069995568
2069995569;2069995569
2069995570;2069995570
2069995571;2069995571
2069995572;2069995572
2069995573;2069995573
2069995574;2069995574
2069995575;2069995575
2069995576;2069995576
2069995577;2069995577
2069995578;2069995578
2069995579;2069995579
2069995580;2069995580
2069995581;2069995581
2069995582;2069995582
2069995583;2069995583
2069995584;2069995584
2069995585;2069995585
2069995586;2069995586
2069995587;2069995587
2069995588;2069995588
2069995589;2069995589
2069995590;2069995590
2069995591;2069995591
2069995592;2069995592
2069995593;2069995593
2069995594;2069995594
2069995595;2069995595
2069995596;2069995596
2069995597;2069995597
2069995598;2069995598
2069995599;2069995599
2069995600;2069995600
2069995601;2069995601
2069995602;2069995602
2069995603;2069995603
2069995604;2069995604
2069995605;2069995605
2069995606;2069995606
2069995607;2069995607
2069995608;2069995608
2069995609;2069995609
2069995610;2069995610
2069995611;2069995611
2069995612;2069995612
2069995613;2069995613
2069995614;2069995614
2069995615;2069995615
2069995616;2069995616
2069995617;2069995617
2069995618;2069995618
2069995619;2069995619
2069995620;2069995620
2069995621;2069995621
2069995622;2069995622
2069995623;2069995623
2069995624;2069995624
2069995625;2069995625
2069995626;2069995626
2069995627;2069995627
2069995628;2069995628
2069995629;2069995629
2069995630;2069995630
2069995631;2069995631
2069995632;2069995632
2069995633;2069995633
2069995634;2069995634
2069995635;2069995635
2069995636;2069995636
2069995637;2069995637
2069995638;2069995638
2069995639;2069995639
2069995640;2069995640
2069995641;2069995641
2069995642;2069995642
2069995643;2069995643
2069995644;2069995644
2069995645;2069995645
2069995646;2069995646
2069995647;2069995647
2069995648;2069995648
2069995649;2069995649
2069995650;2069995650
2069995651;2069995651
2069995652;2069995652
2069995653;2069995653
2069995654;2069995654
2069995655;2069995655
2069995656;2069995656
2069995657;2069995657
2069995658;2069995658
2069995659;2069995659
2069995660;2069995660
2069995661;2069995661
2069995662;2069995662
2069995663;2069995663
2069995664;2069995664
2069995665;2069995665
2069995666;2069995666
2069995667;2069995667
2069995668;2069995668
2069995669;2069995669
2069995670;2069995670
2069995671;2069995671
2069995672;2069995672
2069995673;2069995673
2069995674;2069995674
2069995675;2069995675
2069995676;2069995676
2069995677;2069995677
2069995678;2069995678
2069995679;2069995679
2069995680;2069995680
2069995681;2069995681
2069995682;2069995682
2069995683;2069995683
2069995684;2069995684
2069995685;2069995685
2069995686;2069995686
2069995687;2069995687
2069995688;2069995688
2069995689;2069995689
2069995690;2069995690
2069995691;2069995691
2069995692;2069995692
2069995693;2069995693
2069995694;2069995694
2069995695;2069995695
2069995696;2069995696
2069995697;2069995697
2069995698;2069995698
2069995699;2069995699
2069995700;2069995700
2069995701;2069995701
2069995702;2069995702
2069995703;2069995703
2069995704;2069995704
2069995705;2069995705
2069995706;2069995706
2069995707;2069995707
2069995708;2069995708
2069995709;2069995709
2069995710;2069995710
2069995711;2069995711
2069995712;2069995712
2069995713;2069995713
2069995714;2069995714
2069995715;2069995715
2069995716;2069995716
2069995717;2069995717
2069995718;2069995718
2069995719;2069995719
2069995720;2069995720
2069995721;2069995721
2069995722;2069995722
2069995723;2069995723
2069995724;2069995724
2069995725;2069995725
2069995726;2069995726
2069995727;2069995727
2069995728;2069995728
2069995729;2069995729
2069995730;2069995730
2069995731;2069995731
2069995732;2069995732
2069995733;2069995733
2069995734;2069995734
2069995735;2069995735
2069995736;2069995736
2069995737;2069995737
2069995738;2069995738
2069995739;2069995739
2069995740;2069995740
2069995741;2069995741
2069995742;2069995742
2069995743;2069995743
2069995744;2069995744
2069995745;2069995745
2069995746;2069995746
2069995747;2069995747
2069995748;2069995748
2069995749;2069995749
2069995750;2069995750
2069995751;2069995751
2069995752;2069995752
2069995753;2069995753
2069995754;2069995754
2069995755;2069995755
2069995756;2069995756
2069995757;2069995757
2069995758;2069995758
2069995759;2069995759
2069995760;2069995760
2069995761;2069995761
2069995762;2069995762
2069995763;2069995763
2069995764;2069995764
2069995765;2069995765
2069995766;2069995766
2069995767;2069995767
2069995768;2069995768
2069995769;2069995769
2069995770;2069995770
2069995771;2069995771
2069995772;2069995772
2069995773;2069995773
2069995774;2069995774
2069995775;2069995775
2069995776;2069995776
2069995777;2069995777
2069995778;2069995778
2069995779;2069995779
2069995780;2069995780
2069995781;2069995781
2069995782;2069995782
2069995783;2069995783
2069995784;2069995784
2069995785;2069995785
2069995786;2069995786
2069995787;2069995787
2069995788;2069995788
2069995789;2069995789
2069995790;2069995790
2069995791;2069995791
2069995792;2069995792
2069995793;2069995793
2069995794;2069995794
2069995795;2069995795
2069995796;2069995796
2069995797;2069995797
2069995798;2069995798
2069995799;2069995799
2069995800;2069995800
2069995801;2069995801
2069995802;2069995802
2069995803;2069995803
2069995804;2069995804
2069995805;2069995805
2069995806;2069995806
2069995807;2069995807
2069995808;2069995808
2069995809;2069995809
2069995810;2069995810
2069995811;2069995811
2069995812;2069995812
2069995813;2069995813
2069995814;2069995814
2069995815;2069995815
2069995816;2069995816
2069995817;2069995817
2069995818;2069995818
2069995819;2069995819
2069995820;2069995820
2069995821;2069995821
2069995822;2069995822
2069995823;2069995823
2069995824;2069995824
2069995825;2069995825
2069995826;2069995826
2069995827;2069995827
2069995828;2069995828
2069995829;2069995829
2069995830;2069995830
2069995831;2069995831
2069995832;2069995832
2069995833;2069995833
2069995834;2069995834
2069995835;2069995835
2069995836;2069995836
2069995837;2069995837
2069995838;2069995838
2069995839;2069995839
2069995840;2069995840
2069995841;2069995841
2069995842;2069995842
2069995843;2069995843
2069995844;2069995844
2069995845;2069995845
2069995846;2069995846
2069995847;2069995847
2069995848;2069995848
2069995849;2069995849
2069995850;2069995850
2069995851;2069995851
2069995852;2069995852
2069995853;2069995853
2069995854;2069995854
2069995855;2069995855
2069995856;2069995856
2069995857;2069995857
2069995858;2069995858
2069995859;2069995859
2069995860;2069995860
2069995861;2069995861
2069995862;2069995862
2069995863;2069995863
2069995864;2069995864
2069995865;2069995865
2069995866;2069995866
2069995867;2069995867
2069995868;2069995868
2069995869;2069995869
2069995870;2069995870
2069995871;2069995871
2069995872;2069995872
2069995873;2069995873
2069995874;2069995874
2069995875;2069995875
2069995876;2069995876
2069995877;2069995877
2069995878;2069995878
2069995879;2069995879
2069995880;2069995880
2069995881;2069995881
2069995882;2069995882
2069995883;2069995883
2069995884;2069995884
2069995885;2069995885
2069995886;2069995886
2069995887;2069995887
2069995888;2069995888
2069995889;2069995889
2069995890;2069995890
2069995891;2069995891
2069995892;2069995892
2069995893;2069995893
2069995894;2069995894
2069995895;2069995895
2069995896;2069995896
2069995897;2069995897
2069995898;2069995898
2069995899;2069995899
2069995900;2069995900
2069995901;2069995901
2069995902;2069995902
2069995903;2069995903
2069995904;2069995904
2069995905;2069995905
2069995906;2069995906
2069995907;2069995907
2069995908;2069995908
2069995909;2069995909
2069995910;2069995910
2069995911;2069995911
2069995912;2069995912
2069995913;2069995913
2069995914;2069995914
2069995915;2069995915
2069995916;2069995916
2069995917;2069995917
2069995918;2069995918
2069995919;2069995919
2069995920;2069995920
2069995921;2069995921
2069995922;2069995922
2069995923;2069995923
2069995924;2069995924
2069995925;2069995925
2069995926;2069995926
2069995927;2069995927
2069995928;2069995928
2069995929;2069995929
2069995930;2069995930
2069995931;2069995931
2069995932;2069995932
2069995933;2069995933
2069995934;2069995934
2069995935;2069995935
2069995936;2069995936
2069995937;2069995937
2069995938;2069995938
2069995939;2069995939
2069995940;2069995940
2069995941;2069995941
2069995942;2069995942
2069995943;2069995943
2069995944;2069995944
2069995945;2069995945
2069995946;2069995946
2069995947;2069995947
2069995948;2069995948
2069995949;2069995949
2069995950;2069995950
2069995951;2069995951
2069995952;2069995952
2069995953;2069995953
2069995954;2069995954
2069995955;2069995955
2069995956;2069995956
2069995957;2069995957
2069995958;2069995958
2069995959;2069995959
2069995960;2069995960
2069995961;2069995961
2069995962;2069995962
2069995963;2069995963
2069995964;2069995964
2069995965;2069995965
2069995966;2069995966
2069995967;2069995967
2069995968;2069995968
2069995969;2069995969
2069995970;2069995970
2069995971;2069995971
2069995972;2069995972
2069995973;2069995973
2069995974;2069995974
2069995975;2069995975
2069995976;2069995976
2069995977;2069995977
2069995978;2069995978
2069995979;2069995979
2069995980;2069995980
2069995981;2069995981
2069995982;2069995982
2069995983;2069995983
2069995984;2069995984
2069995985;2069995985
2069995986;2069995986
2069995987;2069995987
2069995988;2069995988
2069995989;2069995989
2069995990;2069995990
2069995991;2069995991
2069995992;2069995992
2069995993;2069995993
2069995994;2069995994
2069995995;2069995995
2069995996;2069995996
2069995997;2069995997
2069995998;2069995998
2069995999;2069995999
2069996000;2069996000
2069996001;2069996001
2069996002;2069996002
2069996003;2069996003
2069996004;2069996004
2069996005;2069996005
2069996006;2069996006
2069996007;2069996007
2069996008;2069996008
2069996009;2069996009
2069996010;2069996010
2069996011;2069996011
2069996012;2069996012
2069996013;2069996013
2069996014;2069996014
2069996015;2069996015
2069996016;2069996016
2069996017;2069996017
2069996018;2069996018
2069996019;2069996019
2069996020;2069996020
2069996021;2069996021
2069996022;2069996022
2069996023;2069996023
2069996024;2069996024
2069996025;2069996025
2069996026;2069996026
2069996027;2069996027
2069996028;2069996028
2069996029;2069996029
2069996030;2069996030
2069996031;2069996031
2069996032;2069996032
2069996033;2069996033
2069996034;2069996034
2069996035;2069996035
2069996036;2069996036
2069996037;2069996037
2069996038;2069996038
2069996039;2069996039
2069996040;2069996040
2069996041;2069996041
2069996042;2069996042
2069996043;2069996043
2069996044;2069996044
2069996045;2069996045
2069996046;2069996046
2069996047;2069996047
2069996048;2069996048
2069996049;2069996049
2069996050;2069996050
2069996051;2069996051
2069996052;2069996052
2069996053;2069996053
2069996054;2069996054
2069996055;2069996055
2069996056;2069996056
2069996057;2069996057
2069996058;2069996058
2069996059;2069996059
2069996060;2069996060
2069996061;2069996061
2069996062;2069996062
2069996063;2069996063
2069996064;2069996064
2069996065;2069996065
2069996066;2069996066
2069996067;2069996067
2069996068;2069996068
2069996069;2069996069
2069996070;2069996070
2069996071;2069996071
2069996072;2069996072
2069996073;2069996073
2069996074;2069996074
2069996075;2069996075
2069996076;2069996076
2069996077;2069996077
2069996078;2069996078
2069996079;2069996079
2069996080;2069996080
2069996081;2069996081
2069996082;2069996082
2069996083;2069996083
2069996084;2069996084
2069996085;2069996085
2069996086;2069996086
2069996087;2069996087
2069996088;2069996088
2069996089;2069996089
2069996090;2069996090
2069996091;2069996091
2069996092;2069996092
2069996093;2069996093
2069996094;2069996094
2069996095;2069996095
2069996096;2069996096
2069996097;2069996097
2069996098;2069996098
2069996099;2069996099
2069996100;2069996100
2069996101;2069996101
2069996102;2069996102
2069996103;2069996103
2069996104;2069996104
2069996105;2069996105
2069996106;2069996106
2069996107;2069996107
2069996108;2069996108
2069996109;2069996109
2069996110;2069996110
2069996111;2069996111
2069996112;2069996112
2069996113;2069996113
2069996114;2069996114
2069996115;2069996115
2069996116;2069996116
2069996117;2069996117
2069996118;2069996118
2069996119;2069996119
2069996120;2069996120
2069996121;2069996121
2069996122;2069996122
2069996123;2069996123
2069996124;2069996124
2069996125;2069996125
2069996126;2069996126
2069996127;2069996127
2069996128;2069996128
2069996129;2069996129
2069996130;2069996130
2069996131;2069996131
2069996132;2069996132
2069996133;2069996133
2069996134;2069996134
2069996135;2069996135
2069996136;2069996136
2069996137;2069996137
2069996138;2069996138
2069996139;2069996139
2069996140;2069996140
2069996141;2069996141
2069996142;2069996142
2069996143;2069996143
2069996144;2069996144
2069996145;2069996145
2069996146;2069996146
2069996147;2069996147
2069996148;2069996148
2069996149;2069996149
2069996150;2069996150
2069996151;2069996151
2069996152;2069996152
2069996153;2069996153
2069996154;2069996154
2069996155;2069996155
2069996156;2069996156
2069996157;2069996157
2069996158;2069996158
2069996159;2069996159
2069996160;2069996160
2069996161;2069996161
2069996162;2069996162
2069996163;2069996163
2069996164;2069996164
2069996165;2069996165
2069996166;2069996166
2069996167;2069996167
2069996168;2069996168
2069996169;2069996169
2069996170;2069996170
2069996171;2069996171
2069996172;2069996172
2069996173;2069996173
2069996174;2069996174
2069996175;2069996175
2069996176;2069996176
2069996177;2069996177
2069996178;2069996178
2069996179;2069996179
2069996180;2069996180
2069996181;2069996181
2069996182;2069996182
2069996183;2069996183
2069996184;2069996184
2069996185;2069996185
2069996186;2069996186
2069996187;2069996187
2069996188;2069996188
2069996189;2069996189
2069996190;2069996190
2069996191;2069996191
2069996192;2069996192
2069996193;2069996193
2069996194;2069996194
2069996195;2069996195
2069996196;2069996196
2069996197;2069996197
2069996198;2069996198
2069996199;2069996199
2069996200;2069996200
2069996201;2069996201
2069996202;2069996202
2069996203;2069996203
2069996204;2069996204
2069996205;2069996205
2069996206;2069996206
2069996207;2069996207
2069996208;2069996208
2069996209;2069996209
2069996210;2069996210
2069996211;2069996211
2069996212;2069996212
2069996213;2069996213
2069996214;2069996214
2069996215;2069996215
2069996216;2069996216
2069996217;2069996217
2069996218;2069996218
2069996219;2069996219
2069996220;2069996220
2069996221;2069996221
2069996222;2069996222
2069996223;2069996223
2069996224;2069996224
2069996225;2069996225
2069996226;2069996226
2069996227;2069996227
2069996228;2069996228
2069996229;2069996229
2069996230;2069996230
2069996231;2069996231
2069996232;2069996232
2069996233;2069996233
2069996234;2069996234
2069996235;2069996235
2069996236;2069996236
2069996237;2069996237
2069996238;2069996238
2069996239;2069996239
2069996240;2069996240
2069996241;2069996241
2069996242;2069996242
2069996243;2069996243
2069996244;2069996244
2069996245;2069996245
2069996246;2069996246
2069996247;2069996247
2069996248;2069996248
2069996249;2069996249
2069996250;2069996250
2069996251;2069996251
2069996252;2069996252
2069996253;2069996253
2069996254;2069996254
2069996255;2069996255
2069996256;2069996256
2069996257;2069996257
2069996258;2069996258
2069996259;2069996259
2069996260;2069996260
2069996261;2069996261
2069996262;2069996262
2069996263;2069996263
2069996264;2069996264
2069996265;2069996265
2069996266;2069996266
2069996267;2069996267
2069996268;2069996268
2069996269;2069996269
2069996270;2069996270
2069996271;2069996271
2069996272;2069996272
2069996273;2069996273
2069996274;2069996274
2069996275;2069996275
2069996276;2069996276
2069996277;2069996277
2069996278;2069996278
2069996279;2069996279
2069996280;2069996280
2069996281;2069996281
2069996282;2069996282
2069996283;2069996283
2069996284;2069996284
2069996285;2069996285
2069996286;2069996286
2069996287;2069996287
2069996288;2069996288
2069996289;2069996289
2069996290;2069996290
2069996291;2069996291
2069996292;2069996292
2069996293;2069996293
2069996294;2069996294
2069996295;2069996295
2069996296;2069996296
2069996297;2069996297
2069996298;2069996298
2069996299;2069996299
2069996300;2069996300
2069996301;2069996301
2069996302;2069996302
2069996303;2069996303
2069996304;2069996304
2069996305;2069996305
2069996306;2069996306
2069996307;2069996307
2069996308;2069996308
2069996309;2069996309
2069996310;2069996310
2069996311;2069996311
2069996312;2069996312
2069996313;2069996313
2069996314;2069996314
2069996315;2069996315
2069996316;2069996316
2069996317;2069996317
2069996318;2069996318
2069996319;2069996319
2069996320;2069996320
2069996321;2069996321
2069996322;2069996322
2069996323;2069996323
2069996324;2069996324
2069996325;2069996325
2069996326;2069996326
2069996327;2069996327
2069996328;2069996328
2069996329;2069996329
2069996330;2069996330
2069996331;2069996331
2069996332;2069996332
2069996333;2069996333
2069996334;2069996334
2069996335;2069996335
2069996336;2069996336
2069996337;2069996337
2069996338;2069996338
2069996339;2069996339
2069996340;2069996340
2069996341;2069996341
2069996342;2069996342
2069996343;2069996343
2069996344;2069996344
2069996345;2069996345
2069996346;2069996346
2069996347;2069996347
2069996348;2069996348
2069996349;2069996349
2069996350;2069996350
2069996351;2069996351
2069996352;2069996352
2069996353;2069996353
2069996354;2069996354
2069996355;2069996355
2069996356;2069996356
2069996357;2069996357
2069996358;2069996358
2069996359;2069996359
2069996360;2069996360
2069996361;2069996361
2069996362;2069996362
2069996363;2069996363
2069996364;2069996364
2069996365;2069996365
2069996366;2069996366
2069996367;2069996367
2069996368;2069996368
2069996369;2069996369
2069996370;2069996370
2069996371;2069996371
2069996372;2069996372
2069996373;2069996373
2069996374;2069996374
2069996375;2069996375
2069996376;2069996376
2069996377;2069996377
2069996378;2069996378
2069996379;2069996379
2069996380;2069996380
2069996381;2069996381
2069996382;2069996382
2069996383;2069996383
2069996384;2069996384
2069996385;2069996385
2069996386;2069996386
2069996387;2069996387
2069996388;2069996388
2069996389;2069996389
2069996390;2069996390
2069996391;2069996391
2069996392;2069996392
2069996393;2069996393
2069996394;2069996394
2069996395;2069996395
2069996396;2069996396
2069996397;2069996397
2069996398;2069996398
2069996399;2069996399
