SEQUENTIAL
#field0;field1
2069996400;2069996400
2069996401;2069996401
2069996402;2069996402
2069996403;2069996403
2069996404;2069996404
2069996405;2069996405
2069996406;2069996406
2069996407;2069996407
2069996408;2069996408
2069996409;2069996409
2069996410;2069996410
2069996411;2069996411
2069996412;2069996412
2069996413;2069996413
2069996414;2069996414
2069996415;2069996415
2069996416;2069996416
2069996417;2069996417
2069996418;2069996418
2069996419;2069996419
2069996420;2069996420
2069996421;2069996421
2069996422;2069996422
2069996423;2069996423
2069996424;2069996424
2069996425;2069996425
2069996426;2069996426
2069996427;2069996427
2069996428;2069996428
2069996429;2069996429
2069996430;2069996430
2069996431;2069996431
2069996432;2069996432
2069996433;2069996433
2069996434;2069996434
2069996435;2069996435
2069996436;2069996436
2069996437;2069996437
2069996438;2069996438
2069996439;2069996439
2069996440;2069996440
2069996441;2069996441
2069996442;2069996442
2069996443;2069996443
2069996444;2069996444
2069996445;2069996445
2069996446;2069996446
2069996447;2069996447
2069996448;2069996448
2069996449;2069996449
2069996450;2069996450
2069996451;2069996451
2069996452;2069996452
2069996453;2069996453
2069996454;2069996454
2069996455;2069996455
2069996456;2069996456
2069996457;2069996457
2069996458;2069996458
2069996459;2069996459
2069996460;2069996460
2069996461;2069996461
2069996462;2069996462
2069996463;2069996463
2069996464;2069996464
2069996465;2069996465
2069996466;2069996466
2069996467;2069996467
2069996468;2069996468
2069996469;2069996469
2069996470;2069996470
2069996471;2069996471
2069996472;2069996472
2069996473;2069996473
2069996474;2069996474
2069996475;2069996475
2069996476;2069996476
2069996477;2069996477
2069996478;2069996478
2069996479;2069996479
2069996480;2069996480
2069996481;2069996481
2069996482;2069996482
2069996483;2069996483
2069996484;2069996484
2069996485;2069996485
2069996486;2069996486
2069996487;2069996487
2069996488;2069996488
2069996489;2069996489
2069996490;2069996490
2069996491;2069996491
2069996492;2069996492
2069996493;2069996493
2069996494;2069996494
2069996495;2069996495
2069996496;2069996496
2069996497;2069996497
2069996498;2069996498
2069996499;2069996499
2069996500;2069996500
2069996501;2069996501
2069996502;2069996502
2069996503;2069996503
2069996504;2069996504
2069996505;2069996505
2069996506;2069996506
2069996507;2069996507
2069996508;2069996508
2069996509;2069996509
2069996510;2069996510
2069996511;2069996511
2069996512;2069996512
2069996513;2069996513
2069996514;2069996514
2069996515;2069996515
2069996516;2069996516
2069996517;2069996517
2069996518;2069996518
2069996519;2069996519
2069996520;2069996520
2069996521;2069996521
2069996522;2069996522
2069996523;2069996523
2069996524;2069996524
2069996525;2069996525
2069996526;2069996526
2069996527;2069996527
2069996528;2069996528
2069996529;2069996529
2069996530;2069996530
2069996531;2069996531
2069996532;2069996532
2069996533;2069996533
2069996534;2069996534
2069996535;2069996535
2069996536;2069996536
2069996537;2069996537
2069996538;2069996538
2069996539;2069996539
2069996540;2069996540
2069996541;2069996541
2069996542;2069996542
2069996543;2069996543
2069996544;2069996544
2069996545;2069996545
2069996546;2069996546
2069996547;2069996547
2069996548;2069996548
2069996549;2069996549
2069996550;2069996550
2069996551;2069996551
2069996552;2069996552
2069996553;2069996553
2069996554;2069996554
2069996555;2069996555
2069996556;2069996556
2069996557;2069996557
2069996558;2069996558
2069996559;2069996559
2069996560;2069996560
2069996561;2069996561
2069996562;2069996562
2069996563;2069996563
2069996564;2069996564
2069996565;2069996565
2069996566;2069996566
2069996567;2069996567
2069996568;2069996568
2069996569;2069996569
2069996570;2069996570
2069996571;2069996571
2069996572;2069996572
2069996573;2069996573
2069996574;2069996574
2069996575;2069996575
2069996576;2069996576
2069996577;2069996577
2069996578;2069996578
2069996579;2069996579
2069996580;2069996580
2069996581;2069996581
2069996582;2069996582
2069996583;2069996583
2069996584;2069996584
2069996585;2069996585
2069996586;2069996586
2069996587;2069996587
2069996588;2069996588
2069996589;2069996589
2069996590;2069996590
2069996591;2069996591
2069996592;2069996592
2069996593;2069996593
2069996594;2069996594
2069996595;2069996595
2069996596;2069996596
2069996597;2069996597
2069996598;2069996598
2069996599;2069996599
2069996600;2069996600
2069996601;2069996601
2069996602;2069996602
2069996603;2069996603
2069996604;2069996604
2069996605;2069996605
2069996606;2069996606
2069996607;2069996607
2069996608;2069996608
2069996609;2069996609
2069996610;2069996610
2069996611;2069996611
2069996612;2069996612
2069996613;2069996613
2069996614;2069996614
2069996615;2069996615
2069996616;2069996616
2069996617;2069996617
2069996618;2069996618
2069996619;2069996619
2069996620;2069996620
2069996621;2069996621
2069996622;2069996622
2069996623;2069996623
2069996624;2069996624
2069996625;2069996625
2069996626;2069996626
2069996627;2069996627
2069996628;2069996628
2069996629;2069996629
2069996630;2069996630
2069996631;2069996631
2069996632;2069996632
2069996633;2069996633
2069996634;2069996634
2069996635;2069996635
2069996636;2069996636
2069996637;2069996637
2069996638;2069996638
2069996639;2069996639
2069996640;2069996640
2069996641;2069996641
2069996642;2069996642
2069996643;2069996643
2069996644;2069996644
2069996645;2069996645
2069996646;2069996646
2069996647;2069996647
2069996648;2069996648
2069996649;2069996649
2069996650;2069996650
2069996651;2069996651
2069996652;2069996652
2069996653;2069996653
2069996654;2069996654
2069996655;2069996655
2069996656;2069996656
2069996657;2069996657
2069996658;2069996658
2069996659;2069996659
2069996660;2069996660
2069996661;2069996661
2069996662;2069996662
2069996663;2069996663
2069996664;2069996664
2069996665;2069996665
2069996666;2069996666
2069996667;2069996667
2069996668;2069996668
2069996669;2069996669
2069996670;2069996670
2069996671;2069996671
2069996672;2069996672
2069996673;2069996673
2069996674;2069996674
2069996675;2069996675
2069996676;2069996676
2069996677;2069996677
2069996678;2069996678
2069996679;2069996679
2069996680;2069996680
2069996681;2069996681
2069996682;2069996682
2069996683;2069996683
2069996684;2069996684
2069996685;2069996685
2069996686;2069996686
2069996687;2069996687
2069996688;2069996688
2069996689;2069996689
2069996690;2069996690
2069996691;2069996691
2069996692;2069996692
2069996693;2069996693
2069996694;2069996694
2069996695;2069996695
2069996696;2069996696
2069996697;2069996697
2069996698;2069996698
2069996699;2069996699
2069996700;2069996700
2069996701;2069996701
2069996702;2069996702
2069996703;2069996703
2069996704;2069996704
2069996705;2069996705
2069996706;2069996706
2069996707;2069996707
2069996708;2069996708
2069996709;2069996709
2069996710;2069996710
2069996711;2069996711
2069996712;2069996712
2069996713;2069996713
2069996714;2069996714
2069996715;2069996715
2069996716;2069996716
2069996717;2069996717
2069996718;2069996718
2069996719;2069996719
2069996720;2069996720
2069996721;2069996721
2069996722;2069996722
2069996723;2069996723
2069996724;2069996724
2069996725;2069996725
2069996726;2069996726
2069996727;2069996727
2069996728;2069996728
2069996729;2069996729
2069996730;2069996730
2069996731;2069996731
2069996732;2069996732
2069996733;2069996733
2069996734;2069996734
2069996735;2069996735
2069996736;2069996736
2069996737;2069996737
2069996738;2069996738
2069996739;2069996739
2069996740;2069996740
2069996741;2069996741
2069996742;2069996742
2069996743;2069996743
2069996744;2069996744
2069996745;2069996745
2069996746;2069996746
2069996747;2069996747
2069996748;2069996748
2069996749;2069996749
2069996750;2069996750
2069996751;2069996751
2069996752;2069996752
2069996753;2069996753
2069996754;2069996754
2069996755;2069996755
2069996756;2069996756
2069996757;2069996757
2069996758;2069996758
2069996759;2069996759
2069996760;2069996760
2069996761;2069996761
2069996762;2069996762
2069996763;2069996763
2069996764;2069996764
2069996765;2069996765
2069996766;2069996766
2069996767;2069996767
2069996768;2069996768
2069996769;2069996769
2069996770;2069996770
2069996771;2069996771
2069996772;2069996772
2069996773;2069996773
2069996774;2069996774
2069996775;2069996775
2069996776;2069996776
2069996777;2069996777
2069996778;2069996778
2069996779;2069996779
2069996780;2069996780
2069996781;2069996781
2069996782;2069996782
2069996783;2069996783
2069996784;2069996784
2069996785;2069996785
2069996786;2069996786
2069996787;2069996787
2069996788;2069996788
2069996789;2069996789
2069996790;2069996790
2069996791;2069996791
2069996792;2069996792
2069996793;2069996793
2069996794;2069996794
2069996795;2069996795
2069996796;2069996796
2069996797;2069996797
2069996798;2069996798
2069996799;2069996799
2069996800;2069996800
2069996801;2069996801
2069996802;2069996802
2069996803;2069996803
2069996804;2069996804
2069996805;2069996805
2069996806;2069996806
2069996807;2069996807
2069996808;2069996808
2069996809;2069996809
2069996810;2069996810
2069996811;2069996811
2069996812;2069996812
2069996813;2069996813
2069996814;2069996814
2069996815;2069996815
2069996816;2069996816
2069996817;2069996817
2069996818;2069996818
2069996819;2069996819
2069996820;2069996820
2069996821;2069996821
2069996822;2069996822
2069996823;2069996823
2069996824;2069996824
2069996825;2069996825
2069996826;2069996826
2069996827;2069996827
2069996828;2069996828
2069996829;2069996829
2069996830;2069996830
2069996831;2069996831
2069996832;2069996832
2069996833;2069996833
2069996834;2069996834
2069996835;2069996835
2069996836;2069996836
2069996837;2069996837
2069996838;2069996838
2069996839;2069996839
2069996840;2069996840
2069996841;2069996841
2069996842;2069996842
2069996843;2069996843
2069996844;2069996844
2069996845;2069996845
2069996846;2069996846
2069996847;2069996847
2069996848;2069996848
2069996849;2069996849
2069996850;2069996850
2069996851;2069996851
2069996852;2069996852
2069996853;2069996853
2069996854;2069996854
2069996855;2069996855
2069996856;2069996856
2069996857;2069996857
2069996858;2069996858
2069996859;2069996859
2069996860;2069996860
2069996861;2069996861
2069996862;2069996862
2069996863;2069996863
2069996864;2069996864
2069996865;2069996865
2069996866;2069996866
2069996867;2069996867
2069996868;2069996868
2069996869;2069996869
2069996870;2069996870
2069996871;2069996871
2069996872;2069996872
2069996873;2069996873
2069996874;2069996874
2069996875;2069996875
2069996876;2069996876
2069996877;2069996877
2069996878;2069996878
2069996879;2069996879
2069996880;2069996880
2069996881;2069996881
2069996882;2069996882
2069996883;2069996883
2069996884;2069996884
2069996885;2069996885
2069996886;2069996886
2069996887;2069996887
2069996888;2069996888
2069996889;2069996889
2069996890;2069996890
2069996891;2069996891
2069996892;2069996892
2069996893;2069996893
2069996894;2069996894
2069996895;2069996895
2069996896;2069996896
2069996897;2069996897
2069996898;2069996898
2069996899;2069996899
2069996900;2069996900
2069996901;2069996901
2069996902;2069996902
2069996903;2069996903
2069996904;2069996904
2069996905;2069996905
2069996906;2069996906
2069996907;2069996907
2069996908;2069996908
2069996909;2069996909
2069996910;2069996910
2069996911;2069996911
2069996912;2069996912
2069996913;2069996913
2069996914;2069996914
2069996915;2069996915
2069996916;2069996916
2069996917;2069996917
2069996918;2069996918
2069996919;2069996919
2069996920;2069996920
2069996921;2069996921
2069996922;2069996922
2069996923;2069996923
2069996924;2069996924
2069996925;2069996925
2069996926;2069996926
2069996927;2069996927
2069996928;2069996928
2069996929;2069996929
2069996930;2069996930
2069996931;2069996931
2069996932;2069996932
2069996933;2069996933
2069996934;2069996934
2069996935;2069996935
2069996936;2069996936
2069996937;2069996937
2069996938;2069996938
2069996939;2069996939
2069996940;2069996940
2069996941;2069996941
2069996942;2069996942
2069996943;2069996943
2069996944;2069996944
2069996945;2069996945
2069996946;2069996946
2069996947;2069996947
2069996948;2069996948
2069996949;2069996949
2069996950;2069996950
2069996951;2069996951
2069996952;2069996952
2069996953;2069996953
2069996954;2069996954
2069996955;2069996955
2069996956;2069996956
2069996957;2069996957
2069996958;2069996958
2069996959;2069996959
2069996960;2069996960
2069996961;2069996961
2069996962;2069996962
2069996963;2069996963
2069996964;2069996964
2069996965;2069996965
2069996966;2069996966
2069996967;2069996967
2069996968;2069996968
2069996969;2069996969
2069996970;2069996970
2069996971;2069996971
2069996972;2069996972
2069996973;2069996973
2069996974;2069996974
2069996975;2069996975
2069996976;2069996976
2069996977;2069996977
2069996978;2069996978
2069996979;2069996979
2069996980;2069996980
2069996981;2069996981
2069996982;2069996982
2069996983;2069996983
2069996984;2069996984
2069996985;2069996985
2069996986;2069996986
2069996987;2069996987
2069996988;2069996988
2069996989;2069996989
2069996990;2069996990
2069996991;2069996991
2069996992;2069996992
2069996993;2069996993
2069996994;2069996994
2069996995;2069996995
2069996996;2069996996
2069996997;2069996997
2069996998;2069996998
2069996999;2069996999
2069997000;2069997000
2069997001;2069997001
2069997002;2069997002
2069997003;2069997003
2069997004;2069997004
2069997005;2069997005
2069997006;2069997006
2069997007;2069997007
2069997008;2069997008
2069997009;2069997009
2069997010;2069997010
2069997011;2069997011
2069997012;2069997012
2069997013;2069997013
2069997014;2069997014
2069997015;2069997015
2069997016;2069997016
2069997017;2069997017
2069997018;2069997018
2069997019;2069997019
2069997020;2069997020
2069997021;2069997021
2069997022;2069997022
2069997023;2069997023
2069997024;2069997024
2069997025;2069997025
2069997026;2069997026
2069997027;2069997027
2069997028;2069997028
2069997029;2069997029
2069997030;2069997030
2069997031;2069997031
2069997032;2069997032
2069997033;2069997033
2069997034;2069997034
2069997035;2069997035
2069997036;2069997036
2069997037;2069997037
2069997038;2069997038
2069997039;2069997039
2069997040;2069997040
2069997041;2069997041
2069997042;2069997042
2069997043;2069997043
2069997044;2069997044
2069997045;2069997045
2069997046;2069997046
2069997047;2069997047
2069997048;2069997048
2069997049;2069997049
2069997050;2069997050
2069997051;2069997051
2069997052;2069997052
2069997053;2069997053
2069997054;2069997054
2069997055;2069997055
2069997056;2069997056
2069997057;2069997057
2069997058;2069997058
2069997059;2069997059
2069997060;2069997060
2069997061;2069997061
2069997062;2069997062
2069997063;2069997063
2069997064;2069997064
2069997065;2069997065
2069997066;2069997066
2069997067;2069997067
2069997068;2069997068
2069997069;2069997069
2069997070;2069997070
2069997071;2069997071
2069997072;2069997072
2069997073;2069997073
2069997074;2069997074
2069997075;2069997075
2069997076;2069997076
2069997077;2069997077
2069997078;2069997078
2069997079;2069997079
2069997080;2069997080
2069997081;2069997081
2069997082;2069997082
2069997083;2069997083
2069997084;2069997084
2069997085;2069997085
2069997086;2069997086
2069997087;2069997087
2069997088;2069997088
2069997089;2069997089
2069997090;2069997090
2069997091;2069997091
2069997092;2069997092
2069997093;2069997093
2069997094;2069997094
2069997095;2069997095
2069997096;2069997096
2069997097;2069997097
2069997098;2069997098
2069997099;2069997099
2069997100;2069997100
2069997101;2069997101
2069997102;2069997102
2069997103;2069997103
2069997104;2069997104
2069997105;2069997105
2069997106;2069997106
2069997107;2069997107
2069997108;2069997108
2069997109;2069997109
2069997110;2069997110
2069997111;2069997111
2069997112;2069997112
2069997113;2069997113
2069997114;2069997114
2069997115;2069997115
2069997116;2069997116
2069997117;2069997117
2069997118;2069997118
2069997119;2069997119
2069997120;2069997120
2069997121;2069997121
2069997122;2069997122
2069997123;2069997123
2069997124;2069997124
2069997125;2069997125
2069997126;2069997126
2069997127;2069997127
2069997128;2069997128
2069997129;2069997129
2069997130;2069997130
2069997131;2069997131
2069997132;2069997132
2069997133;2069997133
2069997134;2069997134
2069997135;2069997135
2069997136;2069997136
2069997137;2069997137
2069997138;2069997138
2069997139;2069997139
2069997140;2069997140
2069997141;2069997141
2069997142;2069997142
2069997143;2069997143
2069997144;2069997144
2069997145;2069997145
2069997146;2069997146
2069997147;2069997147
2069997148;2069997148
2069997149;2069997149
2069997150;2069997150
2069997151;2069997151
2069997152;2069997152
2069997153;2069997153
2069997154;2069997154
2069997155;2069997155
2069997156;2069997156
2069997157;2069997157
2069997158;2069997158
2069997159;2069997159
2069997160;2069997160
2069997161;2069997161
2069997162;2069997162
2069997163;2069997163
2069997164;2069997164
2069997165;2069997165
2069997166;2069997166
2069997167;2069997167
2069997168;2069997168
2069997169;2069997169
2069997170;2069997170
2069997171;2069997171
2069997172;2069997172
2069997173;2069997173
2069997174;2069997174
2069997175;2069997175
2069997176;2069997176
2069997177;2069997177
2069997178;2069997178
2069997179;2069997179
2069997180;2069997180
2069997181;2069997181
2069997182;2069997182
2069997183;2069997183
2069997184;2069997184
2069997185;2069997185
2069997186;2069997186
2069997187;2069997187
2069997188;2069997188
2069997189;2069997189
2069997190;2069997190
2069997191;2069997191
2069997192;2069997192
2069997193;2069997193
2069997194;2069997194
2069997195;2069997195
2069997196;2069997196
2069997197;2069997197
2069997198;2069997198
2069997199;2069997199
2069997200;2069997200
2069997201;2069997201
2069997202;2069997202
2069997203;2069997203
2069997204;2069997204
2069997205;2069997205
2069997206;2069997206
2069997207;2069997207
2069997208;2069997208
2069997209;2069997209
2069997210;2069997210
2069997211;2069997211
2069997212;2069997212
2069997213;2069997213
2069997214;2069997214
2069997215;2069997215
2069997216;2069997216
2069997217;2069997217
2069997218;2069997218
2069997219;2069997219
2069997220;2069997220
2069997221;2069997221
2069997222;2069997222
2069997223;2069997223
2069997224;2069997224
2069997225;2069997225
2069997226;2069997226
2069997227;2069997227
2069997228;2069997228
2069997229;2069997229
2069997230;2069997230
2069997231;2069997231
2069997232;2069997232
2069997233;2069997233
2069997234;2069997234
2069997235;2069997235
2069997236;2069997236
2069997237;2069997237
2069997238;2069997238
2069997239;2069997239
2069997240;2069997240
2069997241;2069997241
2069997242;2069997242
2069997243;2069997243
2069997244;2069997244
2069997245;2069997245
2069997246;2069997246
2069997247;2069997247
2069997248;2069997248
2069997249;2069997249
2069997250;2069997250
2069997251;2069997251
2069997252;2069997252
2069997253;2069997253
2069997254;2069997254
2069997255;2069997255
2069997256;2069997256
2069997257;2069997257
2069997258;2069997258
2069997259;2069997259
2069997260;2069997260
2069997261;2069997261
2069997262;2069997262
2069997263;2069997263
2069997264;2069997264
2069997265;2069997265
2069997266;2069997266
2069997267;2069997267
2069997268;2069997268
2069997269;2069997269
2069997270;2069997270
2069997271;2069997271
2069997272;2069997272
2069997273;2069997273
2069997274;2069997274
2069997275;2069997275
2069997276;2069997276
2069997277;2069997277
2069997278;2069997278
2069997279;2069997279
2069997280;2069997280
2069997281;2069997281
2069997282;2069997282
2069997283;2069997283
2069997284;2069997284
2069997285;2069997285
2069997286;2069997286
2069997287;2069997287
2069997288;2069997288
2069997289;2069997289
2069997290;2069997290
2069997291;2069997291
2069997292;2069997292
2069997293;2069997293
2069997294;2069997294
2069997295;2069997295
2069997296;2069997296
2069997297;2069997297
2069997298;2069997298
2069997299;2069997299
2069997300;2069997300
2069997301;2069997301
2069997302;2069997302
2069997303;2069997303
2069997304;2069997304
2069997305;2069997305
2069997306;2069997306
2069997307;2069997307
2069997308;2069997308
2069997309;2069997309
2069997310;2069997310
2069997311;2069997311
2069997312;2069997312
2069997313;2069997313
2069997314;2069997314
2069997315;2069997315
2069997316;2069997316
2069997317;2069997317
2069997318;2069997318
2069997319;2069997319
2069997320;2069997320
2069997321;2069997321
2069997322;2069997322
2069997323;2069997323
2069997324;2069997324
2069997325;2069997325
2069997326;2069997326
2069997327;2069997327
2069997328;2069997328
2069997329;2069997329
2069997330;2069997330
2069997331;2069997331
2069997332;2069997332
2069997333;2069997333
2069997334;2069997334
2069997335;2069997335
2069997336;2069997336
2069997337;2069997337
2069997338;2069997338
2069997339;2069997339
2069997340;2069997340
2069997341;2069997341
2069997342;2069997342
2069997343;2069997343
2069997344;2069997344
2069997345;2069997345
2069997346;2069997346
2069997347;2069997347
2069997348;2069997348
2069997349;2069997349
2069997350;2069997350
2069997351;2069997351
2069997352;2069997352
2069997353;2069997353
2069997354;2069997354
2069997355;2069997355
2069997356;2069997356
2069997357;2069997357
2069997358;2069997358
2069997359;2069997359
2069997360;2069997360
2069997361;2069997361
2069997362;2069997362
2069997363;2069997363
2069997364;2069997364
2069997365;2069997365
2069997366;2069997366
2069997367;2069997367
2069997368;2069997368
2069997369;2069997369
2069997370;2069997370
2069997371;2069997371
2069997372;2069997372
2069997373;2069997373
2069997374;2069997374
2069997375;2069997375
2069997376;2069997376
2069997377;2069997377
2069997378;2069997378
2069997379;2069997379
2069997380;2069997380
2069997381;2069997381
2069997382;2069997382
2069997383;2069997383
2069997384;2069997384
2069997385;2069997385
2069997386;2069997386
2069997387;2069997387
2069997388;2069997388
2069997389;2069997389
2069997390;2069997390
2069997391;2069997391
2069997392;2069997392
2069997393;2069997393
2069997394;2069997394
2069997395;2069997395
2069997396;2069997396
2069997397;2069997397
2069997398;2069997398
2069997399;2069997399
2069997400;2069997400
2069997401;2069997401
2069997402;2069997402
2069997403;2069997403
2069997404;2069997404
2069997405;2069997405
2069997406;2069997406
2069997407;2069997407
2069997408;2069997408
2069997409;2069997409
2069997410;2069997410
2069997411;2069997411
2069997412;2069997412
2069997413;2069997413
2069997414;2069997414
2069997415;2069997415
2069997416;2069997416
2069997417;2069997417
2069997418;2069997418
2069997419;2069997419
2069997420;2069997420
2069997421;2069997421
2069997422;2069997422
2069997423;2069997423
2069997424;2069997424
2069997425;2069997425
2069997426;2069997426
2069997427;2069997427
2069997428;2069997428
2069997429;2069997429
2069997430;2069997430
2069997431;2069997431
2069997432;2069997432
2069997433;2069997433
2069997434;2069997434
2069997435;2069997435
2069997436;2069997436
2069997437;2069997437
2069997438;2069997438
2069997439;2069997439
2069997440;2069997440
2069997441;2069997441
2069997442;2069997442
2069997443;2069997443
2069997444;2069997444
2069997445;2069997445
2069997446;2069997446
2069997447;2069997447
2069997448;2069997448
2069997449;2069997449
2069997450;2069997450
2069997451;2069997451
2069997452;2069997452
2069997453;2069997453
2069997454;2069997454
2069997455;2069997455
2069997456;2069997456
2069997457;2069997457
2069997458;2069997458
2069997459;2069997459
2069997460;2069997460
2069997461;2069997461
2069997462;2069997462
2069997463;2069997463
2069997464;2069997464
2069997465;2069997465
2069997466;2069997466
2069997467;2069997467
2069997468;2069997468
2069997469;2069997469
2069997470;2069997470
2069997471;2069997471
2069997472;2069997472
2069997473;2069997473
2069997474;2069997474
2069997475;2069997475
2069997476;2069997476
2069997477;2069997477
2069997478;2069997478
2069997479;2069997479
2069997480;2069997480
2069997481;2069997481
2069997482;2069997482
2069997483;2069997483
2069997484;2069997484
2069997485;2069997485
2069997486;2069997486
2069997487;2069997487
2069997488;2069997488
2069997489;2069997489
2069997490;2069997490
2069997491;2069997491
2069997492;2069997492
2069997493;2069997493
2069997494;2069997494
2069997495;2069997495
2069997496;2069997496
2069997497;2069997497
2069997498;2069997498
2069997499;2069997499
2069997500;2069997500
2069997501;2069997501
2069997502;2069997502
2069997503;2069997503
2069997504;2069997504
2069997505;2069997505
2069997506;2069997506
2069997507;2069997507
2069997508;2069997508
2069997509;2069997509
2069997510;2069997510
2069997511;2069997511
2069997512;2069997512
2069997513;2069997513
2069997514;2069997514
2069997515;2069997515
2069997516;2069997516
2069997517;2069997517
2069997518;2069997518
2069997519;2069997519
2069997520;2069997520
2069997521;2069997521
2069997522;2069997522
2069997523;2069997523
2069997524;2069997524
2069997525;2069997525
2069997526;2069997526
2069997527;2069997527
2069997528;2069997528
2069997529;2069997529
2069997530;2069997530
2069997531;2069997531
2069997532;2069997532
2069997533;2069997533
2069997534;2069997534
2069997535;2069997535
2069997536;2069997536
2069997537;2069997537
2069997538;2069997538
2069997539;2069997539
2069997540;2069997540
2069997541;2069997541
2069997542;2069997542
2069997543;2069997543
2069997544;2069997544
2069997545;2069997545
2069997546;2069997546
2069997547;2069997547
2069997548;2069997548
2069997549;2069997549
2069997550;2069997550
2069997551;2069997551
2069997552;2069997552
2069997553;2069997553
2069997554;2069997554
2069997555;2069997555
2069997556;2069997556
2069997557;2069997557
2069997558;2069997558
2069997559;2069997559
2069997560;2069997560
2069997561;2069997561
2069997562;2069997562
2069997563;2069997563
2069997564;2069997564
2069997565;2069997565
2069997566;2069997566
2069997567;2069997567
2069997568;2069997568
2069997569;2069997569
2069997570;2069997570
2069997571;2069997571
2069997572;2069997572
2069997573;2069997573
2069997574;2069997574
2069997575;2069997575
2069997576;2069997576
2069997577;2069997577
2069997578;2069997578
2069997579;2069997579
2069997580;2069997580
2069997581;2069997581
2069997582;2069997582
2069997583;2069997583
2069997584;2069997584
2069997585;2069997585
2069997586;2069997586
2069997587;2069997587
2069997588;2069997588
2069997589;2069997589
2069997590;2069997590
2069997591;2069997591
2069997592;2069997592
2069997593;2069997593
2069997594;2069997594
2069997595;2069997595
2069997596;2069997596
2069997597;2069997597
2069997598;2069997598
2069997599;2069997599
2069997600;2069997600
2069997601;2069997601
2069997602;2069997602
2069997603;2069997603
2069997604;2069997604
2069997605;2069997605
2069997606;2069997606
2069997607;2069997607
2069997608;2069997608
2069997609;2069997609
2069997610;2069997610
2069997611;2069997611
2069997612;2069997612
2069997613;2069997613
2069997614;2069997614
2069997615;2069997615
2069997616;2069997616
2069997617;2069997617
2069997618;2069997618
2069997619;2069997619
2069997620;2069997620
2069997621;2069997621
2069997622;2069997622
2069997623;2069997623
2069997624;2069997624
2069997625;2069997625
2069997626;2069997626
2069997627;2069997627
2069997628;2069997628
2069997629;2069997629
2069997630;2069997630
2069997631;2069997631
2069997632;2069997632
2069997633;2069997633
2069997634;2069997634
2069997635;2069997635
2069997636;2069997636
2069997637;2069997637
2069997638;2069997638
2069997639;2069997639
2069997640;2069997640
2069997641;2069997641
2069997642;2069997642
2069997643;2069997643
2069997644;2069997644
2069997645;2069997645
2069997646;2069997646
2069997647;2069997647
2069997648;2069997648
2069997649;2069997649
2069997650;2069997650
2069997651;2069997651
2069997652;2069997652
2069997653;2069997653
2069997654;2069997654
2069997655;2069997655
2069997656;2069997656
2069997657;2069997657
2069997658;2069997658
2069997659;2069997659
2069997660;2069997660
2069997661;2069997661
2069997662;2069997662
2069997663;2069997663
2069997664;2069997664
2069997665;2069997665
2069997666;2069997666
2069997667;2069997667
2069997668;2069997668
2069997669;2069997669
2069997670;2069997670
2069997671;2069997671
2069997672;2069997672
2069997673;2069997673
2069997674;2069997674
2069997675;2069997675
2069997676;2069997676
2069997677;2069997677
2069997678;2069997678
2069997679;2069997679
2069997680;2069997680
2069997681;2069997681
2069997682;2069997682
2069997683;2069997683
2069997684;2069997684
2069997685;2069997685
2069997686;2069997686
2069997687;2069997687
2069997688;2069997688
2069997689;2069997689
2069997690;2069997690
2069997691;2069997691
2069997692;2069997692
2069997693;2069997693
2069997694;2069997694
2069997695;2069997695
2069997696;2069997696
2069997697;2069997697
2069997698;2069997698
2069997699;2069997699
2069997700;2069997700
2069997701;2069997701
2069997702;2069997702
2069997703;2069997703
2069997704;2069997704
2069997705;2069997705
2069997706;2069997706
2069997707;2069997707
2069997708;2069997708
2069997709;2069997709
2069997710;2069997710
2069997711;2069997711
2069997712;2069997712
2069997713;2069997713
2069997714;2069997714
2069997715;2069997715
2069997716;2069997716
2069997717;2069997717
2069997718;2069997718
2069997719;2069997719
2069997720;2069997720
2069997721;2069997721
2069997722;2069997722
2069997723;2069997723
2069997724;2069997724
2069997725;2069997725
2069997726;2069997726
2069997727;2069997727
2069997728;2069997728
2069997729;2069997729
2069997730;2069997730
2069997731;2069997731
2069997732;2069997732
2069997733;2069997733
2069997734;2069997734
2069997735;2069997735
2069997736;2069997736
2069997737;2069997737
2069997738;2069997738
2069997739;2069997739
2069997740;2069997740
2069997741;2069997741
2069997742;2069997742
2069997743;2069997743
2069997744;2069997744
2069997745;2069997745
2069997746;2069997746
2069997747;2069997747
2069997748;2069997748
2069997749;2069997749
2069997750;2069997750
2069997751;2069997751
2069997752;2069997752
2069997753;2069997753
2069997754;2069997754
2069997755;2069997755
2069997756;2069997756
2069997757;2069997757
2069997758;2069997758
2069997759;2069997759
2069997760;2069997760
2069997761;2069997761
2069997762;2069997762
2069997763;2069997763
2069997764;2069997764
2069997765;2069997765
2069997766;2069997766
2069997767;2069997767
2069997768;2069997768
2069997769;2069997769
2069997770;2069997770
2069997771;2069997771
2069997772;2069997772
2069997773;2069997773
2069997774;2069997774
2069997775;2069997775
2069997776;2069997776
2069997777;2069997777
2069997778;2069997778
2069997779;2069997779
2069997780;2069997780
2069997781;2069997781
2069997782;2069997782
2069997783;2069997783
2069997784;2069997784
2069997785;2069997785
2069997786;2069997786
2069997787;2069997787
2069997788;2069997788
2069997789;2069997789
2069997790;2069997790
2069997791;2069997791
2069997792;2069997792
2069997793;2069997793
2069997794;2069997794
2069997795;2069997795
2069997796;2069997796
2069997797;2069997797
2069997798;2069997798
2069997799;2069997799
2069997800;2069997800
2069997801;2069997801
2069997802;2069997802
2069997803;2069997803
2069997804;2069997804
2069997805;2069997805
2069997806;2069997806
2069997807;2069997807
2069997808;2069997808
2069997809;2069997809
2069997810;2069997810
2069997811;2069997811
2069997812;2069997812
2069997813;2069997813
2069997814;2069997814
2069997815;2069997815
2069997816;2069997816
2069997817;2069997817
2069997818;2069997818
2069997819;2069997819
2069997820;2069997820
2069997821;2069997821
2069997822;2069997822
2069997823;2069997823
2069997824;2069997824
2069997825;2069997825
2069997826;2069997826
2069997827;2069997827
2069997828;2069997828
2069997829;2069997829
2069997830;2069997830
2069997831;2069997831
2069997832;2069997832
2069997833;2069997833
2069997834;2069997834
2069997835;2069997835
2069997836;2069997836
2069997837;2069997837
2069997838;2069997838
2069997839;2069997839
2069997840;2069997840
2069997841;2069997841
2069997842;2069997842
2069997843;2069997843
2069997844;2069997844
2069997845;2069997845
2069997846;2069997846
2069997847;2069997847
2069997848;2069997848
2069997849;2069997849
2069997850;2069997850
2069997851;2069997851
2069997852;2069997852
2069997853;2069997853
2069997854;2069997854
2069997855;2069997855
2069997856;2069997856
2069997857;2069997857
2069997858;2069997858
2069997859;2069997859
2069997860;2069997860
2069997861;2069997861
2069997862;2069997862
2069997863;2069997863
2069997864;2069997864
2069997865;2069997865
2069997866;2069997866
2069997867;2069997867
2069997868;2069997868
2069997869;2069997869
2069997870;2069997870
2069997871;2069997871
2069997872;2069997872
2069997873;2069997873
2069997874;2069997874
2069997875;2069997875
2069997876;2069997876
2069997877;2069997877
2069997878;2069997878
2069997879;2069997879
2069997880;2069997880
2069997881;2069997881
2069997882;2069997882
2069997883;2069997883
2069997884;2069997884
2069997885;2069997885
2069997886;2069997886
2069997887;2069997887
2069997888;2069997888
2069997889;2069997889
2069997890;2069997890
2069997891;2069997891
2069997892;2069997892
2069997893;2069997893
2069997894;2069997894
2069997895;2069997895
2069997896;2069997896
2069997897;2069997897
2069997898;2069997898
2069997899;2069997899
2069997900;2069997900
2069997901;2069997901
2069997902;2069997902
2069997903;2069997903
2069997904;2069997904
2069997905;2069997905
2069997906;2069997906
2069997907;2069997907
2069997908;2069997908
2069997909;2069997909
2069997910;2069997910
2069997911;2069997911
2069997912;2069997912
2069997913;2069997913
2069997914;2069997914
2069997915;2069997915
2069997916;2069997916
2069997917;2069997917
2069997918;2069997918
2069997919;2069997919
2069997920;2069997920
2069997921;2069997921
2069997922;2069997922
2069997923;2069997923
2069997924;2069997924
2069997925;2069997925
2069997926;2069997926
2069997927;2069997927
2069997928;2069997928
2069997929;2069997929
2069997930;2069997930
2069997931;2069997931
2069997932;2069997932
2069997933;2069997933
2069997934;2069997934
2069997935;2069997935
2069997936;2069997936
2069997937;2069997937
2069997938;2069997938
2069997939;2069997939
2069997940;2069997940
2069997941;2069997941
2069997942;2069997942
2069997943;2069997943
2069997944;2069997944
2069997945;2069997945
2069997946;2069997946
2069997947;2069997947
2069997948;2069997948
2069997949;2069997949
2069997950;2069997950
2069997951;2069997951
2069997952;2069997952
2069997953;2069997953
2069997954;2069997954
2069997955;2069997955
2069997956;2069997956
2069997957;2069997957
2069997958;2069997958
2069997959;2069997959
2069997960;2069997960
2069997961;2069997961
2069997962;2069997962
2069997963;2069997963
2069997964;2069997964
2069997965;2069997965
2069997966;2069997966
2069997967;2069997967
2069997968;2069997968
2069997969;2069997969
2069997970;2069997970
2069997971;2069997971
2069997972;2069997972
2069997973;2069997973
2069997974;2069997974
2069997975;2069997975
2069997976;2069997976
2069997977;2069997977
2069997978;2069997978
2069997979;2069997979
2069997980;2069997980
2069997981;2069997981
2069997982;2069997982
2069997983;2069997983
2069997984;2069997984
2069997985;2069997985
2069997986;2069997986
2069997987;2069997987
2069997988;2069997988
2069997989;2069997989
2069997990;2069997990
2069997991;2069997991
2069997992;2069997992
2069997993;2069997993
2069997994;2069997994
2069997995;2069997995
2069997996;2069997996
2069997997;2069997997
2069997998;2069997998
2069997999;2069997999
