SEQUENTIAL
#field0;field1
2069991600;2069991600
2069991601;2069991601
2069991602;2069991602
2069991603;2069991603
2069991604;2069991604
2069991605;2069991605
2069991606;2069991606
2069991607;2069991607
2069991608;2069991608
2069991609;2069991609
2069991610;2069991610
2069991611;2069991611
2069991612;2069991612
2069991613;2069991613
2069991614;2069991614
2069991615;2069991615
2069991616;2069991616
2069991617;2069991617
2069991618;2069991618
2069991619;2069991619
2069991620;2069991620
2069991621;2069991621
2069991622;2069991622
2069991623;2069991623
2069991624;2069991624
2069991625;2069991625
2069991626;2069991626
2069991627;2069991627
2069991628;2069991628
2069991629;2069991629
2069991630;2069991630
2069991631;2069991631
2069991632;2069991632
2069991633;2069991633
2069991634;2069991634
2069991635;2069991635
2069991636;2069991636
2069991637;2069991637
2069991638;2069991638
2069991639;2069991639
2069991640;2069991640
2069991641;2069991641
2069991642;2069991642
2069991643;2069991643
2069991644;2069991644
2069991645;2069991645
2069991646;2069991646
2069991647;2069991647
2069991648;2069991648
2069991649;2069991649
2069991650;2069991650
2069991651;2069991651
2069991652;2069991652
2069991653;2069991653
2069991654;2069991654
2069991655;2069991655
2069991656;2069991656
2069991657;2069991657
2069991658;2069991658
2069991659;2069991659
2069991660;2069991660
2069991661;2069991661
2069991662;2069991662
2069991663;2069991663
2069991664;2069991664
2069991665;2069991665
2069991666;2069991666
2069991667;2069991667
2069991668;2069991668
2069991669;2069991669
2069991670;2069991670
2069991671;2069991671
2069991672;2069991672
2069991673;2069991673
2069991674;2069991674
2069991675;2069991675
2069991676;2069991676
2069991677;2069991677
2069991678;2069991678
2069991679;2069991679
2069991680;2069991680
2069991681;2069991681
2069991682;2069991682
2069991683;2069991683
2069991684;2069991684
2069991685;2069991685
2069991686;2069991686
2069991687;2069991687
2069991688;2069991688
2069991689;2069991689
2069991690;2069991690
2069991691;2069991691
2069991692;2069991692
2069991693;2069991693
2069991694;2069991694
2069991695;2069991695
2069991696;2069991696
2069991697;2069991697
2069991698;2069991698
2069991699;2069991699
2069991700;2069991700
2069991701;2069991701
2069991702;2069991702
2069991703;2069991703
2069991704;2069991704
2069991705;2069991705
2069991706;2069991706
2069991707;2069991707
2069991708;2069991708
2069991709;2069991709
2069991710;2069991710
2069991711;2069991711
2069991712;2069991712
2069991713;2069991713
2069991714;2069991714
2069991715;2069991715
2069991716;2069991716
2069991717;2069991717
2069991718;2069991718
2069991719;2069991719
2069991720;2069991720
2069991721;2069991721
2069991722;2069991722
2069991723;2069991723
2069991724;2069991724
2069991725;2069991725
2069991726;2069991726
2069991727;2069991727
2069991728;2069991728
2069991729;2069991729
2069991730;2069991730
2069991731;2069991731
2069991732;2069991732
2069991733;2069991733
2069991734;2069991734
2069991735;2069991735
2069991736;2069991736
2069991737;2069991737
2069991738;2069991738
2069991739;2069991739
2069991740;2069991740
2069991741;2069991741
2069991742;2069991742
2069991743;2069991743
2069991744;2069991744
2069991745;2069991745
2069991746;2069991746
2069991747;2069991747
2069991748;2069991748
2069991749;2069991749
2069991750;2069991750
2069991751;2069991751
2069991752;2069991752
2069991753;2069991753
2069991754;2069991754
2069991755;2069991755
2069991756;2069991756
2069991757;2069991757
2069991758;2069991758
2069991759;2069991759
2069991760;2069991760
2069991761;2069991761
2069991762;2069991762
2069991763;2069991763
2069991764;2069991764
2069991765;2069991765
2069991766;2069991766
2069991767;2069991767
2069991768;2069991768
2069991769;2069991769
2069991770;2069991770
2069991771;2069991771
2069991772;2069991772
2069991773;2069991773
2069991774;2069991774
2069991775;2069991775
2069991776;2069991776
2069991777;2069991777
2069991778;2069991778
2069991779;2069991779
2069991780;2069991780
2069991781;2069991781
2069991782;2069991782
2069991783;2069991783
2069991784;2069991784
2069991785;2069991785
2069991786;2069991786
2069991787;2069991787
2069991788;2069991788
2069991789;2069991789
2069991790;2069991790
2069991791;2069991791
2069991792;2069991792
2069991793;2069991793
2069991794;2069991794
2069991795;2069991795
2069991796;2069991796
2069991797;2069991797
2069991798;2069991798
2069991799;2069991799
2069991800;2069991800
2069991801;2069991801
2069991802;2069991802
2069991803;2069991803
2069991804;2069991804
2069991805;2069991805
2069991806;2069991806
2069991807;2069991807
2069991808;2069991808
2069991809;2069991809
2069991810;2069991810
2069991811;2069991811
2069991812;2069991812
2069991813;2069991813
2069991814;2069991814
2069991815;2069991815
2069991816;2069991816
2069991817;2069991817
2069991818;2069991818
2069991819;2069991819
2069991820;2069991820
2069991821;2069991821
2069991822;2069991822
2069991823;2069991823
2069991824;2069991824
2069991825;2069991825
2069991826;2069991826
2069991827;2069991827
2069991828;2069991828
2069991829;2069991829
2069991830;2069991830
2069991831;2069991831
2069991832;2069991832
2069991833;2069991833
2069991834;2069991834
2069991835;2069991835
2069991836;2069991836
2069991837;2069991837
2069991838;2069991838
2069991839;2069991839
2069991840;2069991840
2069991841;2069991841
2069991842;2069991842
2069991843;2069991843
2069991844;2069991844
2069991845;2069991845
2069991846;2069991846
2069991847;2069991847
2069991848;2069991848
2069991849;2069991849
2069991850;2069991850
2069991851;2069991851
2069991852;2069991852
2069991853;2069991853
2069991854;2069991854
2069991855;2069991855
2069991856;2069991856
2069991857;2069991857
2069991858;2069991858
2069991859;2069991859
2069991860;2069991860
2069991861;2069991861
2069991862;2069991862
2069991863;2069991863
2069991864;2069991864
2069991865;2069991865
2069991866;2069991866
2069991867;2069991867
2069991868;2069991868
2069991869;2069991869
2069991870;2069991870
2069991871;2069991871
2069991872;2069991872
2069991873;2069991873
2069991874;2069991874
2069991875;2069991875
2069991876;2069991876
2069991877;2069991877
2069991878;2069991878
2069991879;2069991879
2069991880;2069991880
2069991881;2069991881
2069991882;2069991882
2069991883;2069991883
2069991884;2069991884
2069991885;2069991885
2069991886;2069991886
2069991887;2069991887
2069991888;2069991888
2069991889;2069991889
2069991890;2069991890
2069991891;2069991891
2069991892;2069991892
2069991893;2069991893
2069991894;2069991894
2069991895;2069991895
2069991896;2069991896
2069991897;2069991897
2069991898;2069991898
2069991899;2069991899
2069991900;2069991900
2069991901;2069991901
2069991902;2069991902
2069991903;2069991903
2069991904;2069991904
2069991905;2069991905
2069991906;2069991906
2069991907;2069991907
2069991908;2069991908
2069991909;2069991909
2069991910;2069991910
2069991911;2069991911
2069991912;2069991912
2069991913;2069991913
2069991914;2069991914
2069991915;2069991915
2069991916;2069991916
2069991917;2069991917
2069991918;2069991918
2069991919;2069991919
2069991920;2069991920
2069991921;2069991921
2069991922;2069991922
2069991923;2069991923
2069991924;2069991924
2069991925;2069991925
2069991926;2069991926
2069991927;2069991927
2069991928;2069991928
2069991929;2069991929
2069991930;2069991930
2069991931;2069991931
2069991932;2069991932
2069991933;2069991933
2069991934;2069991934
2069991935;2069991935
2069991936;2069991936
2069991937;2069991937
2069991938;2069991938
2069991939;2069991939
2069991940;2069991940
2069991941;2069991941
2069991942;2069991942
2069991943;2069991943
2069991944;2069991944
2069991945;2069991945
2069991946;2069991946
2069991947;2069991947
2069991948;2069991948
2069991949;2069991949
2069991950;2069991950
2069991951;2069991951
2069991952;2069991952
2069991953;2069991953
2069991954;2069991954
2069991955;2069991955
2069991956;2069991956
2069991957;2069991957
2069991958;2069991958
2069991959;2069991959
2069991960;2069991960
2069991961;2069991961
2069991962;2069991962
2069991963;2069991963
2069991964;2069991964
2069991965;2069991965
2069991966;2069991966
2069991967;2069991967
2069991968;2069991968
2069991969;2069991969
2069991970;2069991970
2069991971;2069991971
2069991972;2069991972
2069991973;2069991973
2069991974;2069991974
2069991975;2069991975
2069991976;2069991976
2069991977;2069991977
2069991978;2069991978
2069991979;2069991979
2069991980;2069991980
2069991981;2069991981
2069991982;2069991982
2069991983;2069991983
2069991984;2069991984
2069991985;2069991985
2069991986;2069991986
2069991987;2069991987
2069991988;2069991988
2069991989;2069991989
2069991990;2069991990
2069991991;2069991991
2069991992;2069991992
2069991993;2069991993
2069991994;2069991994
2069991995;2069991995
2069991996;2069991996
2069991997;2069991997
2069991998;2069991998
2069991999;2069991999
2069992000;2069992000
2069992001;2069992001
2069992002;2069992002
2069992003;2069992003
2069992004;2069992004
2069992005;2069992005
2069992006;2069992006
2069992007;2069992007
2069992008;2069992008
2069992009;2069992009
2069992010;2069992010
2069992011;2069992011
2069992012;2069992012
2069992013;2069992013
2069992014;2069992014
2069992015;2069992015
2069992016;2069992016
2069992017;2069992017
2069992018;2069992018
2069992019;2069992019
2069992020;2069992020
2069992021;2069992021
2069992022;2069992022
2069992023;2069992023
2069992024;2069992024
2069992025;2069992025
2069992026;2069992026
2069992027;2069992027
2069992028;2069992028
2069992029;2069992029
2069992030;2069992030
2069992031;2069992031
2069992032;2069992032
2069992033;2069992033
2069992034;2069992034
2069992035;2069992035
2069992036;2069992036
2069992037;2069992037
2069992038;2069992038
2069992039;2069992039
2069992040;2069992040
2069992041;2069992041
2069992042;2069992042
2069992043;2069992043
2069992044;2069992044
2069992045;2069992045
2069992046;2069992046
2069992047;2069992047
2069992048;2069992048
2069992049;2069992049
2069992050;2069992050
2069992051;2069992051
2069992052;2069992052
2069992053;2069992053
2069992054;2069992054
2069992055;2069992055
2069992056;2069992056
2069992057;2069992057
2069992058;2069992058
2069992059;2069992059
2069992060;2069992060
2069992061;2069992061
2069992062;2069992062
2069992063;2069992063
2069992064;2069992064
2069992065;2069992065
2069992066;2069992066
2069992067;2069992067
2069992068;2069992068
2069992069;2069992069
2069992070;2069992070
2069992071;2069992071
2069992072;2069992072
2069992073;2069992073
2069992074;2069992074
2069992075;2069992075
2069992076;2069992076
2069992077;2069992077
2069992078;2069992078
2069992079;2069992079
2069992080;2069992080
2069992081;2069992081
2069992082;2069992082
2069992083;2069992083
2069992084;2069992084
2069992085;2069992085
2069992086;2069992086
2069992087;2069992087
2069992088;2069992088
2069992089;2069992089
2069992090;2069992090
2069992091;2069992091
2069992092;2069992092
2069992093;2069992093
2069992094;2069992094
2069992095;2069992095
2069992096;2069992096
2069992097;2069992097
2069992098;2069992098
2069992099;2069992099
2069992100;2069992100
2069992101;2069992101
2069992102;2069992102
2069992103;2069992103
2069992104;2069992104
2069992105;2069992105
2069992106;2069992106
2069992107;2069992107
2069992108;2069992108
2069992109;2069992109
2069992110;2069992110
2069992111;2069992111
2069992112;2069992112
2069992113;2069992113
2069992114;2069992114
2069992115;2069992115
2069992116;2069992116
2069992117;2069992117
2069992118;2069992118
2069992119;2069992119
2069992120;2069992120
2069992121;2069992121
2069992122;2069992122
2069992123;2069992123
2069992124;2069992124
2069992125;2069992125
2069992126;2069992126
2069992127;2069992127
2069992128;2069992128
2069992129;2069992129
2069992130;2069992130
2069992131;2069992131
2069992132;2069992132
2069992133;2069992133
2069992134;2069992134
2069992135;2069992135
2069992136;2069992136
2069992137;2069992137
2069992138;2069992138
2069992139;2069992139
2069992140;2069992140
2069992141;2069992141
2069992142;2069992142
2069992143;2069992143
2069992144;2069992144
2069992145;2069992145
2069992146;2069992146
2069992147;2069992147
2069992148;2069992148
2069992149;2069992149
2069992150;2069992150
2069992151;2069992151
2069992152;2069992152
2069992153;2069992153
2069992154;2069992154
2069992155;2069992155
2069992156;2069992156
2069992157;2069992157
2069992158;2069992158
2069992159;2069992159
2069992160;2069992160
2069992161;2069992161
2069992162;2069992162
2069992163;2069992163
2069992164;2069992164
2069992165;2069992165
2069992166;2069992166
2069992167;2069992167
2069992168;2069992168
2069992169;2069992169
2069992170;2069992170
2069992171;2069992171
2069992172;2069992172
2069992173;2069992173
2069992174;2069992174
2069992175;2069992175
2069992176;2069992176
2069992177;2069992177
2069992178;2069992178
2069992179;2069992179
2069992180;2069992180
2069992181;2069992181
2069992182;2069992182
2069992183;2069992183
2069992184;2069992184
2069992185;2069992185
2069992186;2069992186
2069992187;2069992187
2069992188;2069992188
2069992189;2069992189
2069992190;2069992190
2069992191;2069992191
2069992192;2069992192
2069992193;2069992193
2069992194;2069992194
2069992195;2069992195
2069992196;2069992196
2069992197;2069992197
2069992198;2069992198
2069992199;2069992199
2069992200;2069992200
2069992201;2069992201
2069992202;2069992202
2069992203;2069992203
2069992204;2069992204
2069992205;2069992205
2069992206;2069992206
2069992207;2069992207
2069992208;2069992208
2069992209;2069992209
2069992210;2069992210
2069992211;2069992211
2069992212;2069992212
2069992213;2069992213
2069992214;2069992214
2069992215;2069992215
2069992216;2069992216
2069992217;2069992217
2069992218;2069992218
2069992219;2069992219
2069992220;2069992220
2069992221;2069992221
2069992222;2069992222
2069992223;2069992223
2069992224;2069992224
2069992225;2069992225
2069992226;2069992226
2069992227;2069992227
2069992228;2069992228
2069992229;2069992229
2069992230;2069992230
2069992231;2069992231
2069992232;2069992232
2069992233;2069992233
2069992234;2069992234
2069992235;2069992235
2069992236;2069992236
2069992237;2069992237
2069992238;2069992238
2069992239;2069992239
2069992240;2069992240
2069992241;2069992241
2069992242;2069992242
2069992243;2069992243
2069992244;2069992244
2069992245;2069992245
2069992246;2069992246
2069992247;2069992247
2069992248;2069992248
2069992249;2069992249
2069992250;2069992250
2069992251;2069992251
2069992252;2069992252
2069992253;2069992253
2069992254;2069992254
2069992255;2069992255
2069992256;2069992256
2069992257;2069992257
2069992258;2069992258
2069992259;2069992259
2069992260;2069992260
2069992261;2069992261
2069992262;2069992262
2069992263;2069992263
2069992264;2069992264
2069992265;2069992265
2069992266;2069992266
2069992267;2069992267
2069992268;2069992268
2069992269;2069992269
2069992270;2069992270
2069992271;2069992271
2069992272;2069992272
2069992273;2069992273
2069992274;2069992274
2069992275;2069992275
2069992276;2069992276
2069992277;2069992277
2069992278;2069992278
2069992279;2069992279
2069992280;2069992280
2069992281;2069992281
2069992282;2069992282
2069992283;2069992283
2069992284;2069992284
2069992285;2069992285
2069992286;2069992286
2069992287;2069992287
2069992288;2069992288
2069992289;2069992289
2069992290;2069992290
2069992291;2069992291
2069992292;2069992292
2069992293;2069992293
2069992294;2069992294
2069992295;2069992295
2069992296;2069992296
2069992297;2069992297
2069992298;2069992298
2069992299;2069992299
2069992300;2069992300
2069992301;2069992301
2069992302;2069992302
2069992303;2069992303
2069992304;2069992304
2069992305;2069992305
2069992306;2069992306
2069992307;2069992307
2069992308;2069992308
2069992309;2069992309
2069992310;2069992310
2069992311;2069992311
2069992312;2069992312
2069992313;2069992313
2069992314;2069992314
2069992315;2069992315
2069992316;2069992316
2069992317;2069992317
2069992318;2069992318
2069992319;2069992319
2069992320;2069992320
2069992321;2069992321
2069992322;2069992322
2069992323;2069992323
2069992324;2069992324
2069992325;2069992325
2069992326;2069992326
2069992327;2069992327
2069992328;2069992328
2069992329;2069992329
2069992330;2069992330
2069992331;2069992331
2069992332;2069992332
2069992333;2069992333
2069992334;2069992334
2069992335;2069992335
2069992336;2069992336
2069992337;2069992337
2069992338;2069992338
2069992339;2069992339
2069992340;2069992340
2069992341;2069992341
2069992342;2069992342
2069992343;2069992343
2069992344;2069992344
2069992345;2069992345
2069992346;2069992346
2069992347;2069992347
2069992348;2069992348
2069992349;2069992349
2069992350;2069992350
2069992351;2069992351
2069992352;2069992352
2069992353;2069992353
2069992354;2069992354
2069992355;2069992355
2069992356;2069992356
2069992357;2069992357
2069992358;2069992358
2069992359;2069992359
2069992360;2069992360
2069992361;2069992361
2069992362;2069992362
2069992363;2069992363
2069992364;2069992364
2069992365;2069992365
2069992366;2069992366
2069992367;2069992367
2069992368;2069992368
2069992369;2069992369
2069992370;2069992370
2069992371;2069992371
2069992372;2069992372
2069992373;2069992373
2069992374;2069992374
2069992375;2069992375
2069992376;2069992376
2069992377;2069992377
2069992378;2069992378
2069992379;2069992379
2069992380;2069992380
2069992381;2069992381
2069992382;2069992382
2069992383;2069992383
2069992384;2069992384
2069992385;2069992385
2069992386;2069992386
2069992387;2069992387
2069992388;2069992388
2069992389;2069992389
2069992390;2069992390
2069992391;2069992391
2069992392;2069992392
2069992393;2069992393
2069992394;2069992394
2069992395;2069992395
2069992396;2069992396
2069992397;2069992397
2069992398;2069992398
2069992399;2069992399
2069992400;2069992400
2069992401;2069992401
2069992402;2069992402
2069992403;2069992403
2069992404;2069992404
2069992405;2069992405
2069992406;2069992406
2069992407;2069992407
2069992408;2069992408
2069992409;2069992409
2069992410;2069992410
2069992411;2069992411
2069992412;2069992412
2069992413;2069992413
2069992414;2069992414
2069992415;2069992415
2069992416;2069992416
2069992417;2069992417
2069992418;2069992418
2069992419;2069992419
2069992420;2069992420
2069992421;2069992421
2069992422;2069992422
2069992423;2069992423
2069992424;2069992424
2069992425;2069992425
2069992426;2069992426
2069992427;2069992427
2069992428;2069992428
2069992429;2069992429
2069992430;2069992430
2069992431;2069992431
2069992432;2069992432
2069992433;2069992433
2069992434;2069992434
2069992435;2069992435
2069992436;2069992436
2069992437;2069992437
2069992438;2069992438
2069992439;2069992439
2069992440;2069992440
2069992441;2069992441
2069992442;2069992442
2069992443;2069992443
2069992444;2069992444
2069992445;2069992445
2069992446;2069992446
2069992447;2069992447
2069992448;2069992448
2069992449;2069992449
2069992450;2069992450
2069992451;2069992451
2069992452;2069992452
2069992453;2069992453
2069992454;2069992454
2069992455;2069992455
2069992456;2069992456
2069992457;2069992457
2069992458;2069992458
2069992459;2069992459
2069992460;2069992460
2069992461;2069992461
2069992462;2069992462
2069992463;2069992463
2069992464;2069992464
2069992465;2069992465
2069992466;2069992466
2069992467;2069992467
2069992468;2069992468
2069992469;2069992469
2069992470;2069992470
2069992471;2069992471
2069992472;2069992472
2069992473;2069992473
2069992474;2069992474
2069992475;2069992475
2069992476;2069992476
2069992477;2069992477
2069992478;2069992478
2069992479;2069992479
2069992480;2069992480
2069992481;2069992481
2069992482;2069992482
2069992483;2069992483
2069992484;2069992484
2069992485;2069992485
2069992486;2069992486
2069992487;2069992487
2069992488;2069992488
2069992489;2069992489
2069992490;2069992490
2069992491;2069992491
2069992492;2069992492
2069992493;2069992493
2069992494;2069992494
2069992495;2069992495
2069992496;2069992496
2069992497;2069992497
2069992498;2069992498
2069992499;2069992499
2069992500;2069992500
2069992501;2069992501
2069992502;2069992502
2069992503;2069992503
2069992504;2069992504
2069992505;2069992505
2069992506;2069992506
2069992507;2069992507
2069992508;2069992508
2069992509;2069992509
2069992510;2069992510
2069992511;2069992511
2069992512;2069992512
2069992513;2069992513
2069992514;2069992514
2069992515;2069992515
2069992516;2069992516
2069992517;2069992517
2069992518;2069992518
2069992519;2069992519
2069992520;2069992520
2069992521;2069992521
2069992522;2069992522
2069992523;2069992523
2069992524;2069992524
2069992525;2069992525
2069992526;2069992526
2069992527;2069992527
2069992528;2069992528
2069992529;2069992529
2069992530;2069992530
2069992531;2069992531
2069992532;2069992532
2069992533;2069992533
2069992534;2069992534
2069992535;2069992535
2069992536;2069992536
2069992537;2069992537
2069992538;2069992538
2069992539;2069992539
2069992540;2069992540
2069992541;2069992541
2069992542;2069992542
2069992543;2069992543
2069992544;2069992544
2069992545;2069992545
2069992546;2069992546
2069992547;2069992547
2069992548;2069992548
2069992549;2069992549
2069992550;2069992550
2069992551;2069992551
2069992552;2069992552
2069992553;2069992553
2069992554;2069992554
2069992555;2069992555
2069992556;2069992556
2069992557;2069992557
2069992558;2069992558
2069992559;2069992559
2069992560;2069992560
2069992561;2069992561
2069992562;2069992562
2069992563;2069992563
2069992564;2069992564
2069992565;2069992565
2069992566;2069992566
2069992567;2069992567
2069992568;2069992568
2069992569;2069992569
2069992570;2069992570
2069992571;2069992571
2069992572;2069992572
2069992573;2069992573
2069992574;2069992574
2069992575;2069992575
2069992576;2069992576
2069992577;2069992577
2069992578;2069992578
2069992579;2069992579
2069992580;2069992580
2069992581;2069992581
2069992582;2069992582
2069992583;2069992583
2069992584;2069992584
2069992585;2069992585
2069992586;2069992586
2069992587;2069992587
2069992588;2069992588
2069992589;2069992589
2069992590;2069992590
2069992591;2069992591
2069992592;2069992592
2069992593;2069992593
2069992594;2069992594
2069992595;2069992595
2069992596;2069992596
2069992597;2069992597
2069992598;2069992598
2069992599;2069992599
2069992600;2069992600
2069992601;2069992601
2069992602;2069992602
2069992603;2069992603
2069992604;2069992604
2069992605;2069992605
2069992606;2069992606
2069992607;2069992607
2069992608;2069992608
2069992609;2069992609
2069992610;2069992610
2069992611;2069992611
2069992612;2069992612
2069992613;2069992613
2069992614;2069992614
2069992615;2069992615
2069992616;2069992616
2069992617;2069992617
2069992618;2069992618
2069992619;2069992619
2069992620;2069992620
2069992621;2069992621
2069992622;2069992622
2069992623;2069992623
2069992624;2069992624
2069992625;2069992625
2069992626;2069992626
2069992627;2069992627
2069992628;2069992628
2069992629;2069992629
2069992630;2069992630
2069992631;2069992631
2069992632;2069992632
2069992633;2069992633
2069992634;2069992634
2069992635;2069992635
2069992636;2069992636
2069992637;2069992637
2069992638;2069992638
2069992639;2069992639
2069992640;2069992640
2069992641;2069992641
2069992642;2069992642
2069992643;2069992643
2069992644;2069992644
2069992645;2069992645
2069992646;2069992646
2069992647;2069992647
2069992648;2069992648
2069992649;2069992649
2069992650;2069992650
2069992651;2069992651
2069992652;2069992652
2069992653;2069992653
2069992654;2069992654
2069992655;2069992655
2069992656;2069992656
2069992657;2069992657
2069992658;2069992658
2069992659;2069992659
2069992660;2069992660
2069992661;2069992661
2069992662;2069992662
2069992663;2069992663
2069992664;2069992664
2069992665;2069992665
2069992666;2069992666
2069992667;2069992667
2069992668;2069992668
2069992669;2069992669
2069992670;2069992670
2069992671;2069992671
2069992672;2069992672
2069992673;2069992673
2069992674;2069992674
2069992675;2069992675
2069992676;2069992676
2069992677;2069992677
2069992678;2069992678
2069992679;2069992679
2069992680;2069992680
2069992681;2069992681
2069992682;2069992682
2069992683;2069992683
2069992684;2069992684
2069992685;2069992685
2069992686;2069992686
2069992687;2069992687
2069992688;2069992688
2069992689;2069992689
2069992690;2069992690
2069992691;2069992691
2069992692;2069992692
2069992693;2069992693
2069992694;2069992694
2069992695;2069992695
2069992696;2069992696
2069992697;2069992697
2069992698;2069992698
2069992699;2069992699
2069992700;2069992700
2069992701;2069992701
2069992702;2069992702
2069992703;2069992703
2069992704;2069992704
2069992705;2069992705
2069992706;2069992706
2069992707;2069992707
2069992708;2069992708
2069992709;2069992709
2069992710;2069992710
2069992711;2069992711
2069992712;2069992712
2069992713;2069992713
2069992714;2069992714
2069992715;2069992715
2069992716;2069992716
2069992717;2069992717
2069992718;2069992718
2069992719;2069992719
2069992720;2069992720
2069992721;2069992721
2069992722;2069992722
2069992723;2069992723
2069992724;2069992724
2069992725;2069992725
2069992726;2069992726
2069992727;2069992727
2069992728;2069992728
2069992729;2069992729
2069992730;2069992730
2069992731;2069992731
2069992732;2069992732
2069992733;2069992733
2069992734;2069992734
2069992735;2069992735
2069992736;2069992736
2069992737;2069992737
2069992738;2069992738
2069992739;2069992739
2069992740;2069992740
2069992741;2069992741
2069992742;2069992742
2069992743;2069992743
2069992744;2069992744
2069992745;2069992745
2069992746;2069992746
2069992747;2069992747
2069992748;2069992748
2069992749;2069992749
2069992750;2069992750
2069992751;2069992751
2069992752;2069992752
2069992753;2069992753
2069992754;2069992754
2069992755;2069992755
2069992756;2069992756
2069992757;2069992757
2069992758;2069992758
2069992759;2069992759
2069992760;2069992760
2069992761;2069992761
2069992762;2069992762
2069992763;2069992763
2069992764;2069992764
2069992765;2069992765
2069992766;2069992766
2069992767;2069992767
2069992768;2069992768
2069992769;2069992769
2069992770;2069992770
2069992771;2069992771
2069992772;2069992772
2069992773;2069992773
2069992774;2069992774
2069992775;2069992775
2069992776;2069992776
2069992777;2069992777
2069992778;2069992778
2069992779;2069992779
2069992780;2069992780
2069992781;2069992781
2069992782;2069992782
2069992783;2069992783
2069992784;2069992784
2069992785;2069992785
2069992786;2069992786
2069992787;2069992787
2069992788;2069992788
2069992789;2069992789
2069992790;2069992790
2069992791;2069992791
2069992792;2069992792
2069992793;2069992793
2069992794;2069992794
2069992795;2069992795
2069992796;2069992796
2069992797;2069992797
2069992798;2069992798
2069992799;2069992799
2069992800;2069992800
2069992801;2069992801
2069992802;2069992802
2069992803;2069992803
2069992804;2069992804
2069992805;2069992805
2069992806;2069992806
2069992807;2069992807
2069992808;2069992808
2069992809;2069992809
2069992810;2069992810
2069992811;2069992811
2069992812;2069992812
2069992813;2069992813
2069992814;2069992814
2069992815;2069992815
2069992816;2069992816
2069992817;2069992817
2069992818;2069992818
2069992819;2069992819
2069992820;2069992820
2069992821;2069992821
2069992822;2069992822
2069992823;2069992823
2069992824;2069992824
2069992825;2069992825
2069992826;2069992826
2069992827;2069992827
2069992828;2069992828
2069992829;2069992829
2069992830;2069992830
2069992831;2069992831
2069992832;2069992832
2069992833;2069992833
2069992834;2069992834
2069992835;2069992835
2069992836;2069992836
2069992837;2069992837
2069992838;2069992838
2069992839;2069992839
2069992840;2069992840
2069992841;2069992841
2069992842;2069992842
2069992843;2069992843
2069992844;2069992844
2069992845;2069992845
2069992846;2069992846
2069992847;2069992847
2069992848;2069992848
2069992849;2069992849
2069992850;2069992850
2069992851;2069992851
2069992852;2069992852
2069992853;2069992853
2069992854;2069992854
2069992855;2069992855
2069992856;2069992856
2069992857;2069992857
2069992858;2069992858
2069992859;2069992859
2069992860;2069992860
2069992861;2069992861
2069992862;2069992862
2069992863;2069992863
2069992864;2069992864
2069992865;2069992865
2069992866;2069992866
2069992867;2069992867
2069992868;2069992868
2069992869;2069992869
2069992870;2069992870
2069992871;2069992871
2069992872;2069992872
2069992873;2069992873
2069992874;2069992874
2069992875;2069992875
2069992876;2069992876
2069992877;2069992877
2069992878;2069992878
2069992879;2069992879
2069992880;2069992880
2069992881;2069992881
2069992882;2069992882
2069992883;2069992883
2069992884;2069992884
2069992885;2069992885
2069992886;2069992886
2069992887;2069992887
2069992888;2069992888
2069992889;2069992889
2069992890;2069992890
2069992891;2069992891
2069992892;2069992892
2069992893;2069992893
2069992894;2069992894
2069992895;2069992895
2069992896;2069992896
2069992897;2069992897
2069992898;2069992898
2069992899;2069992899
2069992900;2069992900
2069992901;2069992901
2069992902;2069992902
2069992903;2069992903
2069992904;2069992904
2069992905;2069992905
2069992906;2069992906
2069992907;2069992907
2069992908;2069992908
2069992909;2069992909
2069992910;2069992910
2069992911;2069992911
2069992912;2069992912
2069992913;2069992913
2069992914;2069992914
2069992915;2069992915
2069992916;2069992916
2069992917;2069992917
2069992918;2069992918
2069992919;2069992919
2069992920;2069992920
2069992921;2069992921
2069992922;2069992922
2069992923;2069992923
2069992924;2069992924
2069992925;2069992925
2069992926;2069992926
2069992927;2069992927
2069992928;2069992928
2069992929;2069992929
2069992930;2069992930
2069992931;2069992931
2069992932;2069992932
2069992933;2069992933
2069992934;2069992934
2069992935;2069992935
2069992936;2069992936
2069992937;2069992937
2069992938;2069992938
2069992939;2069992939
2069992940;2069992940
2069992941;2069992941
2069992942;2069992942
2069992943;2069992943
2069992944;2069992944
2069992945;2069992945
2069992946;2069992946
2069992947;2069992947
2069992948;2069992948
2069992949;2069992949
2069992950;2069992950
2069992951;2069992951
2069992952;2069992952
2069992953;2069992953
2069992954;2069992954
2069992955;2069992955
2069992956;2069992956
2069992957;2069992957
2069992958;2069992958
2069992959;2069992959
2069992960;2069992960
2069992961;2069992961
2069992962;2069992962
2069992963;2069992963
2069992964;2069992964
2069992965;2069992965
2069992966;2069992966
2069992967;2069992967
2069992968;2069992968
2069992969;2069992969
2069992970;2069992970
2069992971;2069992971
2069992972;2069992972
2069992973;2069992973
2069992974;2069992974
2069992975;2069992975
2069992976;2069992976
2069992977;2069992977
2069992978;2069992978
2069992979;2069992979
2069992980;2069992980
2069992981;2069992981
2069992982;2069992982
2069992983;2069992983
2069992984;2069992984
2069992985;2069992985
2069992986;2069992986
2069992987;2069992987
2069992988;2069992988
2069992989;2069992989
2069992990;2069992990
2069992991;2069992991
2069992992;2069992992
2069992993;2069992993
2069992994;2069992994
2069992995;2069992995
2069992996;2069992996
2069992997;2069992997
2069992998;2069992998
2069992999;2069992999
2069993000;2069993000
2069993001;2069993001
2069993002;2069993002
2069993003;2069993003
2069993004;2069993004
2069993005;2069993005
2069993006;2069993006
2069993007;2069993007
2069993008;2069993008
2069993009;2069993009
2069993010;2069993010
2069993011;2069993011
2069993012;2069993012
2069993013;2069993013
2069993014;2069993014
2069993015;2069993015
2069993016;2069993016
2069993017;2069993017
2069993018;2069993018
2069993019;2069993019
2069993020;2069993020
2069993021;2069993021
2069993022;2069993022
2069993023;2069993023
2069993024;2069993024
2069993025;2069993025
2069993026;2069993026
2069993027;2069993027
2069993028;2069993028
2069993029;2069993029
2069993030;2069993030
2069993031;2069993031
2069993032;2069993032
2069993033;2069993033
2069993034;2069993034
2069993035;2069993035
2069993036;2069993036
2069993037;2069993037
2069993038;2069993038
2069993039;2069993039
2069993040;2069993040
2069993041;2069993041
2069993042;2069993042
2069993043;2069993043
2069993044;2069993044
2069993045;2069993045
2069993046;2069993046
2069993047;2069993047
2069993048;2069993048
2069993049;2069993049
2069993050;2069993050
2069993051;2069993051
2069993052;2069993052
2069993053;2069993053
2069993054;2069993054
2069993055;2069993055
2069993056;2069993056
2069993057;2069993057
2069993058;2069993058
2069993059;2069993059
2069993060;2069993060
2069993061;2069993061
2069993062;2069993062
2069993063;2069993063
2069993064;2069993064
2069993065;2069993065
2069993066;2069993066
2069993067;2069993067
2069993068;2069993068
2069993069;2069993069
2069993070;2069993070
2069993071;2069993071
2069993072;2069993072
2069993073;2069993073
2069993074;2069993074
2069993075;2069993075
2069993076;2069993076
2069993077;2069993077
2069993078;2069993078
2069993079;2069993079
2069993080;2069993080
2069993081;2069993081
2069993082;2069993082
2069993083;2069993083
2069993084;2069993084
2069993085;2069993085
2069993086;2069993086
2069993087;2069993087
2069993088;2069993088
2069993089;2069993089
2069993090;2069993090
2069993091;2069993091
2069993092;2069993092
2069993093;2069993093
2069993094;2069993094
2069993095;2069993095
2069993096;2069993096
2069993097;2069993097
2069993098;2069993098
2069993099;2069993099
2069993100;2069993100
2069993101;2069993101
2069993102;2069993102
2069993103;2069993103
2069993104;2069993104
2069993105;2069993105
2069993106;2069993106
2069993107;2069993107
2069993108;2069993108
2069993109;2069993109
2069993110;2069993110
2069993111;2069993111
2069993112;2069993112
2069993113;2069993113
2069993114;2069993114
2069993115;2069993115
2069993116;2069993116
2069993117;2069993117
2069993118;2069993118
2069993119;2069993119
2069993120;2069993120
2069993121;2069993121
2069993122;2069993122
2069993123;2069993123
2069993124;2069993124
2069993125;2069993125
2069993126;2069993126
2069993127;2069993127
2069993128;2069993128
2069993129;2069993129
2069993130;2069993130
2069993131;2069993131
2069993132;2069993132
2069993133;2069993133
2069993134;2069993134
2069993135;2069993135
2069993136;2069993136
2069993137;2069993137
2069993138;2069993138
2069993139;2069993139
2069993140;2069993140
2069993141;2069993141
2069993142;2069993142
2069993143;2069993143
2069993144;2069993144
2069993145;2069993145
2069993146;2069993146
2069993147;2069993147
2069993148;2069993148
2069993149;2069993149
2069993150;2069993150
2069993151;2069993151
2069993152;2069993152
2069993153;2069993153
2069993154;2069993154
2069993155;2069993155
2069993156;2069993156
2069993157;2069993157
2069993158;2069993158
2069993159;2069993159
2069993160;2069993160
2069993161;2069993161
2069993162;2069993162
2069993163;2069993163
2069993164;2069993164
2069993165;2069993165
2069993166;2069993166
2069993167;2069993167
2069993168;2069993168
2069993169;2069993169
2069993170;2069993170
2069993171;2069993171
2069993172;2069993172
2069993173;2069993173
2069993174;2069993174
2069993175;2069993175
2069993176;2069993176
2069993177;2069993177
2069993178;2069993178
2069993179;2069993179
2069993180;2069993180
2069993181;2069993181
2069993182;2069993182
2069993183;2069993183
2069993184;2069993184
2069993185;2069993185
2069993186;2069993186
2069993187;2069993187
2069993188;2069993188
2069993189;2069993189
2069993190;2069993190
2069993191;2069993191
2069993192;2069993192
2069993193;2069993193
2069993194;2069993194
2069993195;2069993195
2069993196;2069993196
2069993197;2069993197
2069993198;2069993198
2069993199;2069993199
