SEQUENTIAL
#field0;field1
2069990000;2069990000
2069990001;2069990001
2069990002;2069990002
2069990003;2069990003
2069990004;2069990004
2069990005;2069990005
2069990006;2069990006
2069990007;2069990007
2069990008;2069990008
2069990009;2069990009
2069990010;2069990010
2069990011;2069990011
2069990012;2069990012
2069990013;2069990013
2069990014;2069990014
2069990015;2069990015
2069990016;2069990016
2069990017;2069990017
2069990018;2069990018
2069990019;2069990019
2069990020;2069990020
2069990021;2069990021
2069990022;2069990022
2069990023;2069990023
2069990024;2069990024
2069990025;2069990025
2069990026;2069990026
2069990027;2069990027
2069990028;2069990028
2069990029;2069990029
2069990030;2069990030
2069990031;2069990031
2069990032;2069990032
2069990033;2069990033
2069990034;2069990034
2069990035;2069990035
2069990036;2069990036
2069990037;2069990037
2069990038;2069990038
2069990039;2069990039
2069990040;2069990040
2069990041;2069990041
2069990042;2069990042
2069990043;2069990043
2069990044;2069990044
2069990045;2069990045
2069990046;2069990046
2069990047;2069990047
2069990048;2069990048
2069990049;2069990049
2069990050;2069990050
2069990051;2069990051
2069990052;2069990052
2069990053;2069990053
2069990054;2069990054
2069990055;2069990055
2069990056;2069990056
2069990057;2069990057
2069990058;2069990058
2069990059;2069990059
2069990060;2069990060
2069990061;2069990061
2069990062;2069990062
2069990063;2069990063
2069990064;2069990064
2069990065;2069990065
2069990066;2069990066
2069990067;2069990067
2069990068;2069990068
2069990069;2069990069
2069990070;2069990070
2069990071;2069990071
2069990072;2069990072
2069990073;2069990073
2069990074;2069990074
2069990075;2069990075
2069990076;2069990076
2069990077;2069990077
2069990078;2069990078
2069990079;2069990079
2069990080;2069990080
2069990081;2069990081
2069990082;2069990082
2069990083;2069990083
2069990084;2069990084
2069990085;2069990085
2069990086;2069990086
2069990087;2069990087
2069990088;2069990088
2069990089;2069990089
2069990090;2069990090
2069990091;2069990091
2069990092;2069990092
2069990093;2069990093
2069990094;2069990094
2069990095;2069990095
2069990096;2069990096
2069990097;2069990097
2069990098;2069990098
2069990099;2069990099
2069990100;2069990100
2069990101;2069990101
2069990102;2069990102
2069990103;2069990103
2069990104;2069990104
2069990105;2069990105
2069990106;2069990106
2069990107;2069990107
2069990108;2069990108
2069990109;2069990109
2069990110;2069990110
2069990111;2069990111
2069990112;2069990112
2069990113;2069990113
2069990114;2069990114
2069990115;2069990115
2069990116;2069990116
2069990117;2069990117
2069990118;2069990118
2069990119;2069990119
2069990120;2069990120
2069990121;2069990121
2069990122;2069990122
2069990123;2069990123
2069990124;2069990124
2069990125;2069990125
2069990126;2069990126
2069990127;2069990127
2069990128;2069990128
2069990129;2069990129
2069990130;2069990130
2069990131;2069990131
2069990132;2069990132
2069990133;2069990133
2069990134;2069990134
2069990135;2069990135
2069990136;2069990136
2069990137;2069990137
2069990138;2069990138
2069990139;2069990139
2069990140;2069990140
2069990141;2069990141
2069990142;2069990142
2069990143;2069990143
2069990144;2069990144
2069990145;2069990145
2069990146;2069990146
2069990147;2069990147
2069990148;2069990148
2069990149;2069990149
2069990150;2069990150
2069990151;2069990151
2069990152;2069990152
2069990153;2069990153
2069990154;2069990154
2069990155;2069990155
2069990156;2069990156
2069990157;2069990157
2069990158;2069990158
2069990159;2069990159
2069990160;2069990160
2069990161;2069990161
2069990162;2069990162
2069990163;2069990163
2069990164;2069990164
2069990165;2069990165
2069990166;2069990166
2069990167;2069990167
2069990168;2069990168
2069990169;2069990169
2069990170;2069990170
2069990171;2069990171
2069990172;2069990172
2069990173;2069990173
2069990174;2069990174
2069990175;2069990175
2069990176;2069990176
2069990177;2069990177
2069990178;2069990178
2069990179;2069990179
2069990180;2069990180
2069990181;2069990181
2069990182;2069990182
2069990183;2069990183
2069990184;2069990184
2069990185;2069990185
2069990186;2069990186
2069990187;2069990187
2069990188;2069990188
2069990189;2069990189
2069990190;2069990190
2069990191;2069990191
2069990192;2069990192
2069990193;2069990193
2069990194;2069990194
2069990195;2069990195
2069990196;2069990196
2069990197;2069990197
2069990198;2069990198
2069990199;2069990199
2069990200;2069990200
2069990201;2069990201
2069990202;2069990202
2069990203;2069990203
2069990204;2069990204
2069990205;2069990205
2069990206;2069990206
2069990207;2069990207
2069990208;2069990208
2069990209;2069990209
2069990210;2069990210
2069990211;2069990211
2069990212;2069990212
2069990213;2069990213
2069990214;2069990214
2069990215;2069990215
2069990216;2069990216
2069990217;2069990217
2069990218;2069990218
2069990219;2069990219
2069990220;2069990220
2069990221;2069990221
2069990222;2069990222
2069990223;2069990223
2069990224;2069990224
2069990225;2069990225
2069990226;2069990226
2069990227;2069990227
2069990228;2069990228
2069990229;2069990229
2069990230;2069990230
2069990231;2069990231
2069990232;2069990232
2069990233;2069990233
2069990234;2069990234
2069990235;2069990235
2069990236;2069990236
2069990237;2069990237
2069990238;2069990238
2069990239;2069990239
2069990240;2069990240
2069990241;2069990241
2069990242;2069990242
2069990243;2069990243
2069990244;2069990244
2069990245;2069990245
2069990246;2069990246
2069990247;2069990247
2069990248;2069990248
2069990249;2069990249
2069990250;2069990250
2069990251;2069990251
2069990252;2069990252
2069990253;2069990253
2069990254;2069990254
2069990255;2069990255
2069990256;2069990256
2069990257;2069990257
2069990258;2069990258
2069990259;2069990259
2069990260;2069990260
2069990261;2069990261
2069990262;2069990262
2069990263;2069990263
2069990264;2069990264
2069990265;2069990265
2069990266;2069990266
2069990267;2069990267
2069990268;2069990268
2069990269;2069990269
2069990270;2069990270
2069990271;2069990271
2069990272;2069990272
2069990273;2069990273
2069990274;2069990274
2069990275;2069990275
2069990276;2069990276
2069990277;2069990277
2069990278;2069990278
2069990279;2069990279
2069990280;2069990280
2069990281;2069990281
2069990282;2069990282
2069990283;2069990283
2069990284;2069990284
2069990285;2069990285
2069990286;2069990286
2069990287;2069990287
2069990288;2069990288
2069990289;2069990289
2069990290;2069990290
2069990291;2069990291
2069990292;2069990292
2069990293;2069990293
2069990294;2069990294
2069990295;2069990295
2069990296;2069990296
2069990297;2069990297
2069990298;2069990298
2069990299;2069990299
2069990300;2069990300
2069990301;2069990301
2069990302;2069990302
2069990303;2069990303
2069990304;2069990304
2069990305;2069990305
2069990306;2069990306
2069990307;2069990307
2069990308;2069990308
2069990309;2069990309
2069990310;2069990310
2069990311;2069990311
2069990312;2069990312
2069990313;2069990313
2069990314;2069990314
2069990315;2069990315
2069990316;2069990316
2069990317;2069990317
2069990318;2069990318
2069990319;2069990319
2069990320;2069990320
2069990321;2069990321
2069990322;2069990322
2069990323;2069990323
2069990324;2069990324
2069990325;2069990325
2069990326;2069990326
2069990327;2069990327
2069990328;2069990328
2069990329;2069990329
2069990330;2069990330
2069990331;2069990331
2069990332;2069990332
2069990333;2069990333
2069990334;2069990334
2069990335;2069990335
2069990336;2069990336
2069990337;2069990337
2069990338;2069990338
2069990339;2069990339
2069990340;2069990340
2069990341;2069990341
2069990342;2069990342
2069990343;2069990343
2069990344;2069990344
2069990345;2069990345
2069990346;2069990346
2069990347;2069990347
2069990348;2069990348
2069990349;2069990349
2069990350;2069990350
2069990351;2069990351
2069990352;2069990352
2069990353;2069990353
2069990354;2069990354
2069990355;2069990355
2069990356;2069990356
2069990357;2069990357
2069990358;2069990358
2069990359;2069990359
2069990360;2069990360
2069990361;2069990361
2069990362;2069990362
2069990363;2069990363
2069990364;2069990364
2069990365;2069990365
2069990366;2069990366
2069990367;2069990367
2069990368;2069990368
2069990369;2069990369
2069990370;2069990370
2069990371;2069990371
2069990372;2069990372
2069990373;2069990373
2069990374;2069990374
2069990375;2069990375
2069990376;2069990376
2069990377;2069990377
2069990378;2069990378
2069990379;2069990379
2069990380;2069990380
2069990381;2069990381
2069990382;2069990382
2069990383;2069990383
2069990384;2069990384
2069990385;2069990385
2069990386;2069990386
2069990387;2069990387
2069990388;2069990388
2069990389;2069990389
2069990390;2069990390
2069990391;2069990391
2069990392;2069990392
2069990393;2069990393
2069990394;2069990394
2069990395;2069990395
2069990396;2069990396
2069990397;2069990397
2069990398;2069990398
2069990399;2069990399
2069990400;2069990400
2069990401;2069990401
2069990402;2069990402
2069990403;2069990403
2069990404;2069990404
2069990405;2069990405
2069990406;2069990406
2069990407;2069990407
2069990408;2069990408
2069990409;2069990409
2069990410;2069990410
2069990411;2069990411
2069990412;2069990412
2069990413;2069990413
2069990414;2069990414
2069990415;2069990415
2069990416;2069990416
2069990417;2069990417
2069990418;2069990418
2069990419;2069990419
2069990420;2069990420
2069990421;2069990421
2069990422;2069990422
2069990423;2069990423
2069990424;2069990424
2069990425;2069990425
2069990426;2069990426
2069990427;2069990427
2069990428;2069990428
2069990429;2069990429
2069990430;2069990430
2069990431;2069990431
2069990432;2069990432
2069990433;2069990433
2069990434;2069990434
2069990435;2069990435
2069990436;2069990436
2069990437;2069990437
2069990438;2069990438
2069990439;2069990439
2069990440;2069990440
2069990441;2069990441
2069990442;2069990442
2069990443;2069990443
2069990444;2069990444
2069990445;2069990445
2069990446;2069990446
2069990447;2069990447
2069990448;2069990448
2069990449;2069990449
2069990450;2069990450
2069990451;2069990451
2069990452;2069990452
2069990453;2069990453
2069990454;2069990454
2069990455;2069990455
2069990456;2069990456
2069990457;2069990457
2069990458;2069990458
2069990459;2069990459
2069990460;2069990460
2069990461;2069990461
2069990462;2069990462
2069990463;2069990463
2069990464;2069990464
2069990465;2069990465
2069990466;2069990466
2069990467;2069990467
2069990468;2069990468
2069990469;2069990469
2069990470;2069990470
2069990471;2069990471
2069990472;2069990472
2069990473;2069990473
2069990474;2069990474
2069990475;2069990475
2069990476;2069990476
2069990477;2069990477
2069990478;2069990478
2069990479;2069990479
2069990480;2069990480
2069990481;2069990481
2069990482;2069990482
2069990483;2069990483
2069990484;2069990484
2069990485;2069990485
2069990486;2069990486
2069990487;2069990487
2069990488;2069990488
2069990489;2069990489
2069990490;2069990490
2069990491;2069990491
2069990492;2069990492
2069990493;2069990493
2069990494;2069990494
2069990495;2069990495
2069990496;2069990496
2069990497;2069990497
2069990498;2069990498
2069990499;2069990499
2069990500;2069990500
2069990501;2069990501
2069990502;2069990502
2069990503;2069990503
2069990504;2069990504
2069990505;2069990505
2069990506;2069990506
2069990507;2069990507
2069990508;2069990508
2069990509;2069990509
2069990510;2069990510
2069990511;2069990511
2069990512;2069990512
2069990513;2069990513
2069990514;2069990514
2069990515;2069990515
2069990516;2069990516
2069990517;2069990517
2069990518;2069990518
2069990519;2069990519
2069990520;2069990520
2069990521;2069990521
2069990522;2069990522
2069990523;2069990523
2069990524;2069990524
2069990525;2069990525
2069990526;2069990526
2069990527;2069990527
2069990528;2069990528
2069990529;2069990529
2069990530;2069990530
2069990531;2069990531
2069990532;2069990532
2069990533;2069990533
2069990534;2069990534
2069990535;2069990535
2069990536;2069990536
2069990537;2069990537
2069990538;2069990538
2069990539;2069990539
2069990540;2069990540
2069990541;2069990541
2069990542;2069990542
2069990543;2069990543
2069990544;2069990544
2069990545;2069990545
2069990546;2069990546
2069990547;2069990547
2069990548;2069990548
2069990549;2069990549
2069990550;2069990550
2069990551;2069990551
2069990552;2069990552
2069990553;2069990553
2069990554;2069990554
2069990555;2069990555
2069990556;2069990556
2069990557;2069990557
2069990558;2069990558
2069990559;2069990559
2069990560;2069990560
2069990561;2069990561
2069990562;2069990562
2069990563;2069990563
2069990564;2069990564
2069990565;2069990565
2069990566;2069990566
2069990567;2069990567
2069990568;2069990568
2069990569;2069990569
2069990570;2069990570
2069990571;2069990571
2069990572;2069990572
2069990573;2069990573
2069990574;2069990574
2069990575;2069990575
2069990576;2069990576
2069990577;2069990577
2069990578;2069990578
2069990579;2069990579
2069990580;2069990580
2069990581;2069990581
2069990582;2069990582
2069990583;2069990583
2069990584;2069990584
2069990585;2069990585
2069990586;2069990586
2069990587;2069990587
2069990588;2069990588
2069990589;2069990589
2069990590;2069990590
2069990591;2069990591
2069990592;2069990592
2069990593;2069990593
2069990594;2069990594
2069990595;2069990595
2069990596;2069990596
2069990597;2069990597
2069990598;2069990598
2069990599;2069990599
2069990600;2069990600
2069990601;2069990601
2069990602;2069990602
2069990603;2069990603
2069990604;2069990604
2069990605;2069990605
2069990606;2069990606
2069990607;2069990607
2069990608;2069990608
2069990609;2069990609
2069990610;2069990610
2069990611;2069990611
2069990612;2069990612
2069990613;2069990613
2069990614;2069990614
2069990615;2069990615
2069990616;2069990616
2069990617;2069990617
2069990618;2069990618
2069990619;2069990619
2069990620;2069990620
2069990621;2069990621
2069990622;2069990622
2069990623;2069990623
2069990624;2069990624
2069990625;2069990625
2069990626;2069990626
2069990627;2069990627
2069990628;2069990628
2069990629;2069990629
2069990630;2069990630
2069990631;2069990631
2069990632;2069990632
2069990633;2069990633
2069990634;2069990634
2069990635;2069990635
2069990636;2069990636
2069990637;2069990637
2069990638;2069990638
2069990639;2069990639
2069990640;2069990640
2069990641;2069990641
2069990642;2069990642
2069990643;2069990643
2069990644;2069990644
2069990645;2069990645
2069990646;2069990646
2069990647;2069990647
2069990648;2069990648
2069990649;2069990649
2069990650;2069990650
2069990651;2069990651
2069990652;2069990652
2069990653;2069990653
2069990654;2069990654
2069990655;2069990655
2069990656;2069990656
2069990657;2069990657
2069990658;2069990658
2069990659;2069990659
2069990660;2069990660
2069990661;2069990661
2069990662;2069990662
2069990663;2069990663
2069990664;2069990664
2069990665;2069990665
2069990666;2069990666
2069990667;2069990667
2069990668;2069990668
2069990669;2069990669
2069990670;2069990670
2069990671;2069990671
2069990672;2069990672
2069990673;2069990673
2069990674;2069990674
2069990675;2069990675
2069990676;2069990676
2069990677;2069990677
2069990678;2069990678
2069990679;2069990679
2069990680;2069990680
2069990681;2069990681
2069990682;2069990682
2069990683;2069990683
2069990684;2069990684
2069990685;2069990685
2069990686;2069990686
2069990687;2069990687
2069990688;2069990688
2069990689;2069990689
2069990690;2069990690
2069990691;2069990691
2069990692;2069990692
2069990693;2069990693
2069990694;2069990694
2069990695;2069990695
2069990696;2069990696
2069990697;2069990697
2069990698;2069990698
2069990699;2069990699
2069990700;2069990700
2069990701;2069990701
2069990702;2069990702
2069990703;2069990703
2069990704;2069990704
2069990705;2069990705
2069990706;2069990706
2069990707;2069990707
2069990708;2069990708
2069990709;2069990709
2069990710;2069990710
2069990711;2069990711
2069990712;2069990712
2069990713;2069990713
2069990714;2069990714
2069990715;2069990715
2069990716;2069990716
2069990717;2069990717
2069990718;2069990718
2069990719;2069990719
2069990720;2069990720
2069990721;2069990721
2069990722;2069990722
2069990723;2069990723
2069990724;2069990724
2069990725;2069990725
2069990726;2069990726
2069990727;2069990727
2069990728;2069990728
2069990729;2069990729
2069990730;2069990730
2069990731;2069990731
2069990732;2069990732
2069990733;2069990733
2069990734;2069990734
2069990735;2069990735
2069990736;2069990736
2069990737;2069990737
2069990738;2069990738
2069990739;2069990739
2069990740;2069990740
2069990741;2069990741
2069990742;2069990742
2069990743;2069990743
2069990744;2069990744
2069990745;2069990745
2069990746;2069990746
2069990747;2069990747
2069990748;2069990748
2069990749;2069990749
2069990750;2069990750
2069990751;2069990751
2069990752;2069990752
2069990753;2069990753
2069990754;2069990754
2069990755;2069990755
2069990756;2069990756
2069990757;2069990757
2069990758;2069990758
2069990759;2069990759
2069990760;2069990760
2069990761;2069990761
2069990762;2069990762
2069990763;2069990763
2069990764;2069990764
2069990765;2069990765
2069990766;2069990766
2069990767;2069990767
2069990768;2069990768
2069990769;2069990769
2069990770;2069990770
2069990771;2069990771
2069990772;2069990772
2069990773;2069990773
2069990774;2069990774
2069990775;2069990775
2069990776;2069990776
2069990777;2069990777
2069990778;2069990778
2069990779;2069990779
2069990780;2069990780
2069990781;2069990781
2069990782;2069990782
2069990783;2069990783
2069990784;2069990784
2069990785;2069990785
2069990786;2069990786
2069990787;2069990787
2069990788;2069990788
2069990789;2069990789
2069990790;2069990790
2069990791;2069990791
2069990792;2069990792
2069990793;2069990793
2069990794;2069990794
2069990795;2069990795
2069990796;2069990796
2069990797;2069990797
2069990798;2069990798
2069990799;2069990799
2069990800;2069990800
2069990801;2069990801
2069990802;2069990802
2069990803;2069990803
2069990804;2069990804
2069990805;2069990805
2069990806;2069990806
2069990807;2069990807
2069990808;2069990808
2069990809;2069990809
2069990810;2069990810
2069990811;2069990811
2069990812;2069990812
2069990813;2069990813
2069990814;2069990814
2069990815;2069990815
2069990816;2069990816
2069990817;2069990817
2069990818;2069990818
2069990819;2069990819
2069990820;2069990820
2069990821;2069990821
2069990822;2069990822
2069990823;2069990823
2069990824;2069990824
2069990825;2069990825
2069990826;2069990826
2069990827;2069990827
2069990828;2069990828
2069990829;2069990829
2069990830;2069990830
2069990831;2069990831
2069990832;2069990832
2069990833;2069990833
2069990834;2069990834
2069990835;2069990835
2069990836;2069990836
2069990837;2069990837
2069990838;2069990838
2069990839;2069990839
2069990840;2069990840
2069990841;2069990841
2069990842;2069990842
2069990843;2069990843
2069990844;2069990844
2069990845;2069990845
2069990846;2069990846
2069990847;2069990847
2069990848;2069990848
2069990849;2069990849
2069990850;2069990850
2069990851;2069990851
2069990852;2069990852
2069990853;2069990853
2069990854;2069990854
2069990855;2069990855
2069990856;2069990856
2069990857;2069990857
2069990858;2069990858
2069990859;2069990859
2069990860;2069990860
2069990861;2069990861
2069990862;2069990862
2069990863;2069990863
2069990864;2069990864
2069990865;2069990865
2069990866;2069990866
2069990867;2069990867
2069990868;2069990868
2069990869;2069990869
2069990870;2069990870
2069990871;2069990871
2069990872;2069990872
2069990873;2069990873
2069990874;2069990874
2069990875;2069990875
2069990876;2069990876
2069990877;2069990877
2069990878;2069990878
2069990879;2069990879
2069990880;2069990880
2069990881;2069990881
2069990882;2069990882
2069990883;2069990883
2069990884;2069990884
2069990885;2069990885
2069990886;2069990886
2069990887;2069990887
2069990888;2069990888
2069990889;2069990889
2069990890;2069990890
2069990891;2069990891
2069990892;2069990892
2069990893;2069990893
2069990894;2069990894
2069990895;2069990895
2069990896;2069990896
2069990897;2069990897
2069990898;2069990898
2069990899;2069990899
2069990900;2069990900
2069990901;2069990901
2069990902;2069990902
2069990903;2069990903
2069990904;2069990904
2069990905;2069990905
2069990906;2069990906
2069990907;2069990907
2069990908;2069990908
2069990909;2069990909
2069990910;2069990910
2069990911;2069990911
2069990912;2069990912
2069990913;2069990913
2069990914;2069990914
2069990915;2069990915
2069990916;2069990916
2069990917;2069990917
2069990918;2069990918
2069990919;2069990919
2069990920;2069990920
2069990921;2069990921
2069990922;2069990922
2069990923;2069990923
2069990924;2069990924
2069990925;2069990925
2069990926;2069990926
2069990927;2069990927
2069990928;2069990928
2069990929;2069990929
2069990930;2069990930
2069990931;2069990931
2069990932;2069990932
2069990933;2069990933
2069990934;2069990934
2069990935;2069990935
2069990936;2069990936
2069990937;2069990937
2069990938;2069990938
2069990939;2069990939
2069990940;2069990940
2069990941;2069990941
2069990942;2069990942
2069990943;2069990943
2069990944;2069990944
2069990945;2069990945
2069990946;2069990946
2069990947;2069990947
2069990948;2069990948
2069990949;2069990949
2069990950;2069990950
2069990951;2069990951
2069990952;2069990952
2069990953;2069990953
2069990954;2069990954
2069990955;2069990955
2069990956;2069990956
2069990957;2069990957
2069990958;2069990958
2069990959;2069990959
2069990960;2069990960
2069990961;2069990961
2069990962;2069990962
2069990963;2069990963
2069990964;2069990964
2069990965;2069990965
2069990966;2069990966
2069990967;2069990967
2069990968;2069990968
2069990969;2069990969
2069990970;2069990970
2069990971;2069990971
2069990972;2069990972
2069990973;2069990973
2069990974;2069990974
2069990975;2069990975
2069990976;2069990976
2069990977;2069990977
2069990978;2069990978
2069990979;2069990979
2069990980;2069990980
2069990981;2069990981
2069990982;2069990982
2069990983;2069990983
2069990984;2069990984
2069990985;2069990985
2069990986;2069990986
2069990987;2069990987
2069990988;2069990988
2069990989;2069990989
2069990990;2069990990
2069990991;2069990991
2069990992;2069990992
2069990993;2069990993
2069990994;2069990994
2069990995;2069990995
2069990996;2069990996
2069990997;2069990997
2069990998;2069990998
2069990999;2069990999
2069991000;2069991000
2069991001;2069991001
2069991002;2069991002
2069991003;2069991003
2069991004;2069991004
2069991005;2069991005
2069991006;2069991006
2069991007;2069991007
2069991008;2069991008
2069991009;2069991009
2069991010;2069991010
2069991011;2069991011
2069991012;2069991012
2069991013;2069991013
2069991014;2069991014
2069991015;2069991015
2069991016;2069991016
2069991017;2069991017
2069991018;2069991018
2069991019;2069991019
2069991020;2069991020
2069991021;2069991021
2069991022;2069991022
2069991023;2069991023
2069991024;2069991024
2069991025;2069991025
2069991026;2069991026
2069991027;2069991027
2069991028;2069991028
2069991029;2069991029
2069991030;2069991030
2069991031;2069991031
2069991032;2069991032
2069991033;2069991033
2069991034;2069991034
2069991035;2069991035
2069991036;2069991036
2069991037;2069991037
2069991038;2069991038
2069991039;2069991039
2069991040;2069991040
2069991041;2069991041
2069991042;2069991042
2069991043;2069991043
2069991044;2069991044
2069991045;2069991045
2069991046;2069991046
2069991047;2069991047
2069991048;2069991048
2069991049;2069991049
2069991050;2069991050
2069991051;2069991051
2069991052;2069991052
2069991053;2069991053
2069991054;2069991054
2069991055;2069991055
2069991056;2069991056
2069991057;2069991057
2069991058;2069991058
2069991059;2069991059
2069991060;2069991060
2069991061;2069991061
2069991062;2069991062
2069991063;2069991063
2069991064;2069991064
2069991065;2069991065
2069991066;2069991066
2069991067;2069991067
2069991068;2069991068
2069991069;2069991069
2069991070;2069991070
2069991071;2069991071
2069991072;2069991072
2069991073;2069991073
2069991074;2069991074
2069991075;2069991075
2069991076;2069991076
2069991077;2069991077
2069991078;2069991078
2069991079;2069991079
2069991080;2069991080
2069991081;2069991081
2069991082;2069991082
2069991083;2069991083
2069991084;2069991084
2069991085;2069991085
2069991086;2069991086
2069991087;2069991087
2069991088;2069991088
2069991089;2069991089
2069991090;2069991090
2069991091;2069991091
2069991092;2069991092
2069991093;2069991093
2069991094;2069991094
2069991095;2069991095
2069991096;2069991096
2069991097;2069991097
2069991098;2069991098
2069991099;2069991099
2069991100;2069991100
2069991101;2069991101
2069991102;2069991102
2069991103;2069991103
2069991104;2069991104
2069991105;2069991105
2069991106;2069991106
2069991107;2069991107
2069991108;2069991108
2069991109;2069991109
2069991110;2069991110
2069991111;2069991111
2069991112;2069991112
2069991113;2069991113
2069991114;2069991114
2069991115;2069991115
2069991116;2069991116
2069991117;2069991117
2069991118;2069991118
2069991119;2069991119
2069991120;2069991120
2069991121;2069991121
2069991122;2069991122
2069991123;2069991123
2069991124;2069991124
2069991125;2069991125
2069991126;2069991126
2069991127;2069991127
2069991128;2069991128
2069991129;2069991129
2069991130;2069991130
2069991131;2069991131
2069991132;2069991132
2069991133;2069991133
2069991134;2069991134
2069991135;2069991135
2069991136;2069991136
2069991137;2069991137
2069991138;2069991138
2069991139;2069991139
2069991140;2069991140
2069991141;2069991141
2069991142;2069991142
2069991143;2069991143
2069991144;2069991144
2069991145;2069991145
2069991146;2069991146
2069991147;2069991147
2069991148;2069991148
2069991149;2069991149
2069991150;2069991150
2069991151;2069991151
2069991152;2069991152
2069991153;2069991153
2069991154;2069991154
2069991155;2069991155
2069991156;2069991156
2069991157;2069991157
2069991158;2069991158
2069991159;2069991159
2069991160;2069991160
2069991161;2069991161
2069991162;2069991162
2069991163;2069991163
2069991164;2069991164
2069991165;2069991165
2069991166;2069991166
2069991167;2069991167
2069991168;2069991168
2069991169;2069991169
2069991170;2069991170
2069991171;2069991171
2069991172;2069991172
2069991173;2069991173
2069991174;2069991174
2069991175;2069991175
2069991176;2069991176
2069991177;2069991177
2069991178;2069991178
2069991179;2069991179
2069991180;2069991180
2069991181;2069991181
2069991182;2069991182
2069991183;2069991183
2069991184;2069991184
2069991185;2069991185
2069991186;2069991186
2069991187;2069991187
2069991188;2069991188
2069991189;2069991189
2069991190;2069991190
2069991191;2069991191
2069991192;2069991192
2069991193;2069991193
2069991194;2069991194
2069991195;2069991195
2069991196;2069991196
2069991197;2069991197
2069991198;2069991198
2069991199;2069991199
2069991200;2069991200
2069991201;2069991201
2069991202;2069991202
2069991203;2069991203
2069991204;2069991204
2069991205;2069991205
2069991206;2069991206
2069991207;2069991207
2069991208;2069991208
2069991209;2069991209
2069991210;2069991210
2069991211;2069991211
2069991212;2069991212
2069991213;2069991213
2069991214;2069991214
2069991215;2069991215
2069991216;2069991216
2069991217;2069991217
2069991218;2069991218
2069991219;2069991219
2069991220;2069991220
2069991221;2069991221
2069991222;2069991222
2069991223;2069991223
2069991224;2069991224
2069991225;2069991225
2069991226;2069991226
2069991227;2069991227
2069991228;2069991228
2069991229;2069991229
2069991230;2069991230
2069991231;2069991231
2069991232;2069991232
2069991233;2069991233
2069991234;2069991234
2069991235;2069991235
2069991236;2069991236
2069991237;2069991237
2069991238;2069991238
2069991239;2069991239
2069991240;2069991240
2069991241;2069991241
2069991242;2069991242
2069991243;2069991243
2069991244;2069991244
2069991245;2069991245
2069991246;2069991246
2069991247;2069991247
2069991248;2069991248
2069991249;2069991249
2069991250;2069991250
2069991251;2069991251
2069991252;2069991252
2069991253;2069991253
2069991254;2069991254
2069991255;2069991255
2069991256;2069991256
2069991257;2069991257
2069991258;2069991258
2069991259;2069991259
2069991260;2069991260
2069991261;2069991261
2069991262;2069991262
2069991263;2069991263
2069991264;2069991264
2069991265;2069991265
2069991266;2069991266
2069991267;2069991267
2069991268;2069991268
2069991269;2069991269
2069991270;2069991270
2069991271;2069991271
2069991272;2069991272
2069991273;2069991273
2069991274;2069991274
2069991275;2069991275
2069991276;2069991276
2069991277;2069991277
2069991278;2069991278
2069991279;2069991279
2069991280;2069991280
2069991281;2069991281
2069991282;2069991282
2069991283;2069991283
2069991284;2069991284
2069991285;2069991285
2069991286;2069991286
2069991287;2069991287
2069991288;2069991288
2069991289;2069991289
2069991290;2069991290
2069991291;2069991291
2069991292;2069991292
2069991293;2069991293
2069991294;2069991294
2069991295;2069991295
2069991296;2069991296
2069991297;2069991297
2069991298;2069991298
2069991299;2069991299
2069991300;2069991300
2069991301;2069991301
2069991302;2069991302
2069991303;2069991303
2069991304;2069991304
2069991305;2069991305
2069991306;2069991306
2069991307;2069991307
2069991308;2069991308
2069991309;2069991309
2069991310;2069991310
2069991311;2069991311
2069991312;2069991312
2069991313;2069991313
2069991314;2069991314
2069991315;2069991315
2069991316;2069991316
2069991317;2069991317
2069991318;2069991318
2069991319;2069991319
2069991320;2069991320
2069991321;2069991321
2069991322;2069991322
2069991323;2069991323
2069991324;2069991324
2069991325;2069991325
2069991326;2069991326
2069991327;2069991327
2069991328;2069991328
2069991329;2069991329
2069991330;2069991330
2069991331;2069991331
2069991332;2069991332
2069991333;2069991333
2069991334;2069991334
2069991335;2069991335
2069991336;2069991336
2069991337;2069991337
2069991338;2069991338
2069991339;2069991339
2069991340;2069991340
2069991341;2069991341
2069991342;2069991342
2069991343;2069991343
2069991344;2069991344
2069991345;2069991345
2069991346;2069991346
2069991347;2069991347
2069991348;2069991348
2069991349;2069991349
2069991350;2069991350
2069991351;2069991351
2069991352;2069991352
2069991353;2069991353
2069991354;2069991354
2069991355;2069991355
2069991356;2069991356
2069991357;2069991357
2069991358;2069991358
2069991359;2069991359
2069991360;2069991360
2069991361;2069991361
2069991362;2069991362
2069991363;2069991363
2069991364;2069991364
2069991365;2069991365
2069991366;2069991366
2069991367;2069991367
2069991368;2069991368
2069991369;2069991369
2069991370;2069991370
2069991371;2069991371
2069991372;2069991372
2069991373;2069991373
2069991374;2069991374
2069991375;2069991375
2069991376;2069991376
2069991377;2069991377
2069991378;2069991378
2069991379;2069991379
2069991380;2069991380
2069991381;2069991381
2069991382;2069991382
2069991383;2069991383
2069991384;2069991384
2069991385;2069991385
2069991386;2069991386
2069991387;2069991387
2069991388;2069991388
2069991389;2069991389
2069991390;2069991390
2069991391;2069991391
2069991392;2069991392
2069991393;2069991393
2069991394;2069991394
2069991395;2069991395
2069991396;2069991396
2069991397;2069991397
2069991398;2069991398
2069991399;2069991399
2069991400;2069991400
2069991401;2069991401
2069991402;2069991402
2069991403;2069991403
2069991404;2069991404
2069991405;2069991405
2069991406;2069991406
2069991407;2069991407
2069991408;2069991408
2069991409;2069991409
2069991410;2069991410
2069991411;2069991411
2069991412;2069991412
2069991413;2069991413
2069991414;2069991414
2069991415;2069991415
2069991416;2069991416
2069991417;2069991417
2069991418;2069991418
2069991419;2069991419
2069991420;2069991420
2069991421;2069991421
2069991422;2069991422
2069991423;2069991423
2069991424;2069991424
2069991425;2069991425
2069991426;2069991426
2069991427;2069991427
2069991428;2069991428
2069991429;2069991429
2069991430;2069991430
2069991431;2069991431
2069991432;2069991432
2069991433;2069991433
2069991434;2069991434
2069991435;2069991435
2069991436;2069991436
2069991437;2069991437
2069991438;2069991438
2069991439;2069991439
2069991440;2069991440
2069991441;2069991441
2069991442;2069991442
2069991443;2069991443
2069991444;2069991444
2069991445;2069991445
2069991446;2069991446
2069991447;2069991447
2069991448;2069991448
2069991449;2069991449
2069991450;2069991450
2069991451;2069991451
2069991452;2069991452
2069991453;2069991453
2069991454;2069991454
2069991455;2069991455
2069991456;2069991456
2069991457;2069991457
2069991458;2069991458
2069991459;2069991459
2069991460;2069991460
2069991461;2069991461
2069991462;2069991462
2069991463;2069991463
2069991464;2069991464
2069991465;2069991465
2069991466;2069991466
2069991467;2069991467
2069991468;2069991468
2069991469;2069991469
2069991470;2069991470
2069991471;2069991471
2069991472;2069991472
2069991473;2069991473
2069991474;2069991474
2069991475;2069991475
2069991476;2069991476
2069991477;2069991477
2069991478;2069991478
2069991479;2069991479
2069991480;2069991480
2069991481;2069991481
2069991482;2069991482
2069991483;2069991483
2069991484;2069991484
2069991485;2069991485
2069991486;2069991486
2069991487;2069991487
2069991488;2069991488
2069991489;2069991489
2069991490;2069991490
2069991491;2069991491
2069991492;2069991492
2069991493;2069991493
2069991494;2069991494
2069991495;2069991495
2069991496;2069991496
2069991497;2069991497
2069991498;2069991498
2069991499;2069991499
2069991500;2069991500
2069991501;2069991501
2069991502;2069991502
2069991503;2069991503
2069991504;2069991504
2069991505;2069991505
2069991506;2069991506
2069991507;2069991507
2069991508;2069991508
2069991509;2069991509
2069991510;2069991510
2069991511;2069991511
2069991512;2069991512
2069991513;2069991513
2069991514;2069991514
2069991515;2069991515
2069991516;2069991516
2069991517;2069991517
2069991518;2069991518
2069991519;2069991519
2069991520;2069991520
2069991521;2069991521
2069991522;2069991522
2069991523;2069991523
2069991524;2069991524
2069991525;2069991525
2069991526;2069991526
2069991527;2069991527
2069991528;2069991528
2069991529;2069991529
2069991530;2069991530
2069991531;2069991531
2069991532;2069991532
2069991533;2069991533
2069991534;2069991534
2069991535;2069991535
2069991536;2069991536
2069991537;2069991537
2069991538;2069991538
2069991539;2069991539
2069991540;2069991540
2069991541;2069991541
2069991542;2069991542
2069991543;2069991543
2069991544;2069991544
2069991545;2069991545
2069991546;2069991546
2069991547;2069991547
2069991548;2069991548
2069991549;2069991549
2069991550;2069991550
2069991551;2069991551
2069991552;2069991552
2069991553;2069991553
2069991554;2069991554
2069991555;2069991555
2069991556;2069991556
2069991557;2069991557
2069991558;2069991558
2069991559;2069991559
2069991560;2069991560
2069991561;2069991561
2069991562;2069991562
2069991563;2069991563
2069991564;2069991564
2069991565;2069991565
2069991566;2069991566
2069991567;2069991567
2069991568;2069991568
2069991569;2069991569
2069991570;2069991570
2069991571;2069991571
2069991572;2069991572
2069991573;2069991573
2069991574;2069991574
2069991575;2069991575
2069991576;2069991576
2069991577;2069991577
2069991578;2069991578
2069991579;2069991579
2069991580;2069991580
2069991581;2069991581
2069991582;2069991582
2069991583;2069991583
2069991584;2069991584
2069991585;2069991585
2069991586;2069991586
2069991587;2069991587
2069991588;2069991588
2069991589;2069991589
2069991590;2069991590
2069991591;2069991591
2069991592;2069991592
2069991593;2069991593
2069991594;2069991594
2069991595;2069991595
2069991596;2069991596
2069991597;2069991597
2069991598;2069991598
2069991599;2069991599
