SEQUENTIAL
#field0;field1
2069993200;2069993200
2069993201;2069993201
2069993202;2069993202
2069993203;2069993203
2069993204;2069993204
2069993205;2069993205
2069993206;2069993206
2069993207;2069993207
2069993208;2069993208
2069993209;2069993209
2069993210;2069993210
2069993211;2069993211
2069993212;2069993212
2069993213;2069993213
2069993214;2069993214
2069993215;2069993215
2069993216;2069993216
2069993217;2069993217
2069993218;2069993218
2069993219;2069993219
2069993220;2069993220
2069993221;2069993221
2069993222;2069993222
2069993223;2069993223
2069993224;2069993224
2069993225;2069993225
2069993226;2069993226
2069993227;2069993227
2069993228;2069993228
2069993229;2069993229
2069993230;2069993230
2069993231;2069993231
2069993232;2069993232
2069993233;2069993233
2069993234;2069993234
2069993235;2069993235
2069993236;2069993236
2069993237;2069993237
2069993238;2069993238
2069993239;2069993239
2069993240;2069993240
2069993241;2069993241
2069993242;2069993242
2069993243;2069993243
2069993244;2069993244
2069993245;2069993245
2069993246;2069993246
2069993247;2069993247
2069993248;2069993248
2069993249;2069993249
2069993250;2069993250
2069993251;2069993251
2069993252;2069993252
2069993253;2069993253
2069993254;2069993254
2069993255;2069993255
2069993256;2069993256
2069993257;2069993257
2069993258;2069993258
2069993259;2069993259
2069993260;2069993260
2069993261;2069993261
2069993262;2069993262
2069993263;2069993263
2069993264;2069993264
2069993265;2069993265
2069993266;2069993266
2069993267;2069993267
2069993268;2069993268
2069993269;2069993269
2069993270;2069993270
2069993271;2069993271
2069993272;2069993272
2069993273;2069993273
2069993274;2069993274
2069993275;2069993275
2069993276;2069993276
2069993277;2069993277
2069993278;2069993278
2069993279;2069993279
2069993280;2069993280
2069993281;2069993281
2069993282;2069993282
2069993283;2069993283
2069993284;2069993284
2069993285;2069993285
2069993286;2069993286
2069993287;2069993287
2069993288;2069993288
2069993289;2069993289
2069993290;2069993290
2069993291;2069993291
2069993292;2069993292
2069993293;2069993293
2069993294;2069993294
2069993295;2069993295
2069993296;2069993296
2069993297;2069993297
2069993298;2069993298
2069993299;2069993299
2069993300;2069993300
2069993301;2069993301
2069993302;2069993302
2069993303;2069993303
2069993304;2069993304
2069993305;2069993305
2069993306;2069993306
2069993307;2069993307
2069993308;2069993308
2069993309;2069993309
2069993310;2069993310
2069993311;2069993311
2069993312;2069993312
2069993313;2069993313
2069993314;2069993314
2069993315;2069993315
2069993316;2069993316
2069993317;2069993317
2069993318;2069993318
2069993319;2069993319
2069993320;2069993320
2069993321;2069993321
2069993322;2069993322
2069993323;2069993323
2069993324;2069993324
2069993325;2069993325
2069993326;2069993326
2069993327;2069993327
2069993328;2069993328
2069993329;2069993329
2069993330;2069993330
2069993331;2069993331
2069993332;2069993332
2069993333;2069993333
2069993334;2069993334
2069993335;2069993335
2069993336;2069993336
2069993337;2069993337
2069993338;2069993338
2069993339;2069993339
2069993340;2069993340
2069993341;2069993341
2069993342;2069993342
2069993343;2069993343
2069993344;2069993344
2069993345;2069993345
2069993346;2069993346
2069993347;2069993347
2069993348;2069993348
2069993349;2069993349
2069993350;2069993350
2069993351;2069993351
2069993352;2069993352
2069993353;2069993353
2069993354;2069993354
2069993355;2069993355
2069993356;2069993356
2069993357;2069993357
2069993358;2069993358
2069993359;2069993359
2069993360;2069993360
2069993361;2069993361
2069993362;2069993362
2069993363;2069993363
2069993364;2069993364
2069993365;2069993365
2069993366;2069993366
2069993367;2069993367
2069993368;2069993368
2069993369;2069993369
2069993370;2069993370
2069993371;2069993371
2069993372;2069993372
2069993373;2069993373
2069993374;2069993374
2069993375;2069993375
2069993376;2069993376
2069993377;2069993377
2069993378;2069993378
2069993379;2069993379
2069993380;2069993380
2069993381;2069993381
2069993382;2069993382
2069993383;2069993383
2069993384;2069993384
2069993385;2069993385
2069993386;2069993386
2069993387;2069993387
2069993388;2069993388
2069993389;2069993389
2069993390;2069993390
2069993391;2069993391
2069993392;2069993392
2069993393;2069993393
2069993394;2069993394
2069993395;2069993395
2069993396;2069993396
2069993397;2069993397
2069993398;2069993398
2069993399;2069993399
2069993400;2069993400
2069993401;2069993401
2069993402;2069993402
2069993403;2069993403
2069993404;2069993404
2069993405;2069993405
2069993406;2069993406
2069993407;2069993407
2069993408;2069993408
2069993409;2069993409
2069993410;2069993410
2069993411;2069993411
2069993412;2069993412
2069993413;2069993413
2069993414;2069993414
2069993415;2069993415
2069993416;2069993416
2069993417;2069993417
2069993418;2069993418
2069993419;2069993419
2069993420;2069993420
2069993421;2069993421
2069993422;2069993422
2069993423;2069993423
2069993424;2069993424
2069993425;2069993425
2069993426;2069993426
2069993427;2069993427
2069993428;2069993428
2069993429;2069993429
2069993430;2069993430
2069993431;2069993431
2069993432;2069993432
2069993433;2069993433
2069993434;2069993434
2069993435;2069993435
2069993436;2069993436
2069993437;2069993437
2069993438;2069993438
2069993439;2069993439
2069993440;2069993440
2069993441;2069993441
2069993442;2069993442
2069993443;2069993443
2069993444;2069993444
2069993445;2069993445
2069993446;2069993446
2069993447;2069993447
2069993448;2069993448
2069993449;2069993449
2069993450;2069993450
2069993451;2069993451
2069993452;2069993452
2069993453;2069993453
2069993454;2069993454
2069993455;2069993455
2069993456;2069993456
2069993457;2069993457
2069993458;2069993458
2069993459;2069993459
2069993460;2069993460
2069993461;2069993461
2069993462;2069993462
2069993463;2069993463
2069993464;2069993464
2069993465;2069993465
2069993466;2069993466
2069993467;2069993467
2069993468;2069993468
2069993469;2069993469
2069993470;2069993470
2069993471;2069993471
2069993472;2069993472
2069993473;2069993473
2069993474;2069993474
2069993475;2069993475
2069993476;2069993476
2069993477;2069993477
2069993478;2069993478
2069993479;2069993479
2069993480;2069993480
2069993481;2069993481
2069993482;2069993482
2069993483;2069993483
2069993484;2069993484
2069993485;2069993485
2069993486;2069993486
2069993487;2069993487
2069993488;2069993488
2069993489;2069993489
2069993490;2069993490
2069993491;2069993491
2069993492;2069993492
2069993493;2069993493
2069993494;2069993494
2069993495;2069993495
2069993496;2069993496
2069993497;2069993497
2069993498;2069993498
2069993499;2069993499
2069993500;2069993500
2069993501;2069993501
2069993502;2069993502
2069993503;2069993503
2069993504;2069993504
2069993505;2069993505
2069993506;2069993506
2069993507;2069993507
2069993508;2069993508
2069993509;2069993509
2069993510;2069993510
2069993511;2069993511
2069993512;2069993512
2069993513;2069993513
2069993514;2069993514
2069993515;2069993515
2069993516;2069993516
2069993517;2069993517
2069993518;2069993518
2069993519;2069993519
2069993520;2069993520
2069993521;2069993521
2069993522;2069993522
2069993523;2069993523
2069993524;2069993524
2069993525;2069993525
2069993526;2069993526
2069993527;2069993527
2069993528;2069993528
2069993529;2069993529
2069993530;2069993530
2069993531;2069993531
2069993532;2069993532
2069993533;2069993533
2069993534;2069993534
2069993535;2069993535
2069993536;2069993536
2069993537;2069993537
2069993538;2069993538
2069993539;2069993539
2069993540;2069993540
2069993541;2069993541
2069993542;2069993542
2069993543;2069993543
2069993544;2069993544
2069993545;2069993545
2069993546;2069993546
2069993547;2069993547
2069993548;2069993548
2069993549;2069993549
2069993550;2069993550
2069993551;2069993551
2069993552;2069993552
2069993553;2069993553
2069993554;2069993554
2069993555;2069993555
2069993556;2069993556
2069993557;2069993557
2069993558;2069993558
2069993559;2069993559
2069993560;2069993560
2069993561;2069993561
2069993562;2069993562
2069993563;2069993563
2069993564;2069993564
2069993565;2069993565
2069993566;2069993566
2069993567;2069993567
2069993568;2069993568
2069993569;2069993569
2069993570;2069993570
2069993571;2069993571
2069993572;2069993572
2069993573;2069993573
2069993574;2069993574
2069993575;2069993575
2069993576;2069993576
2069993577;2069993577
2069993578;2069993578
2069993579;2069993579
2069993580;2069993580
2069993581;2069993581
2069993582;2069993582
2069993583;2069993583
2069993584;2069993584
2069993585;2069993585
2069993586;2069993586
2069993587;2069993587
2069993588;2069993588
2069993589;2069993589
2069993590;2069993590
2069993591;2069993591
2069993592;2069993592
2069993593;2069993593
2069993594;2069993594
2069993595;2069993595
2069993596;2069993596
2069993597;2069993597
2069993598;2069993598
2069993599;2069993599
2069993600;2069993600
2069993601;2069993601
2069993602;2069993602
2069993603;2069993603
2069993604;2069993604
2069993605;2069993605
2069993606;2069993606
2069993607;2069993607
2069993608;2069993608
2069993609;2069993609
2069993610;2069993610
2069993611;2069993611
2069993612;2069993612
2069993613;2069993613
2069993614;2069993614
2069993615;2069993615
2069993616;2069993616
2069993617;2069993617
2069993618;2069993618
2069993619;2069993619
2069993620;2069993620
2069993621;2069993621
2069993622;2069993622
2069993623;2069993623
2069993624;2069993624
2069993625;2069993625
2069993626;2069993626
2069993627;2069993627
2069993628;2069993628
2069993629;2069993629
2069993630;2069993630
2069993631;2069993631
2069993632;2069993632
2069993633;2069993633
2069993634;2069993634
2069993635;2069993635
2069993636;2069993636
2069993637;2069993637
2069993638;2069993638
2069993639;2069993639
2069993640;2069993640
2069993641;2069993641
2069993642;2069993642
2069993643;2069993643
2069993644;2069993644
2069993645;2069993645
2069993646;2069993646
2069993647;2069993647
2069993648;2069993648
2069993649;2069993649
2069993650;2069993650
2069993651;2069993651
2069993652;2069993652
2069993653;2069993653
2069993654;2069993654
2069993655;2069993655
2069993656;2069993656
2069993657;2069993657
2069993658;2069993658
2069993659;2069993659
2069993660;2069993660
2069993661;2069993661
2069993662;2069993662
2069993663;2069993663
2069993664;2069993664
2069993665;2069993665
2069993666;2069993666
2069993667;2069993667
2069993668;2069993668
2069993669;2069993669
2069993670;2069993670
2069993671;2069993671
2069993672;2069993672
2069993673;2069993673
2069993674;2069993674
2069993675;2069993675
2069993676;2069993676
2069993677;2069993677
2069993678;2069993678
2069993679;2069993679
2069993680;2069993680
2069993681;2069993681
2069993682;2069993682
2069993683;2069993683
2069993684;2069993684
2069993685;2069993685
2069993686;2069993686
2069993687;2069993687
2069993688;2069993688
2069993689;2069993689
2069993690;2069993690
2069993691;2069993691
2069993692;2069993692
2069993693;2069993693
2069993694;2069993694
2069993695;2069993695
2069993696;2069993696
2069993697;2069993697
2069993698;2069993698
2069993699;2069993699
2069993700;2069993700
2069993701;2069993701
2069993702;2069993702
2069993703;2069993703
2069993704;2069993704
2069993705;2069993705
2069993706;2069993706
2069993707;2069993707
2069993708;2069993708
2069993709;2069993709
2069993710;2069993710
2069993711;2069993711
2069993712;2069993712
2069993713;2069993713
2069993714;2069993714
2069993715;2069993715
2069993716;2069993716
2069993717;2069993717
2069993718;2069993718
2069993719;2069993719
2069993720;2069993720
2069993721;2069993721
2069993722;2069993722
2069993723;2069993723
2069993724;2069993724
2069993725;2069993725
2069993726;2069993726
2069993727;2069993727
2069993728;2069993728
2069993729;2069993729
2069993730;2069993730
2069993731;2069993731
2069993732;2069993732
2069993733;2069993733
2069993734;2069993734
2069993735;2069993735
2069993736;2069993736
2069993737;2069993737
2069993738;2069993738
2069993739;2069993739
2069993740;2069993740
2069993741;2069993741
2069993742;2069993742
2069993743;2069993743
2069993744;2069993744
2069993745;2069993745
2069993746;2069993746
2069993747;2069993747
2069993748;2069993748
2069993749;2069993749
2069993750;2069993750
2069993751;2069993751
2069993752;2069993752
2069993753;2069993753
2069993754;2069993754
2069993755;2069993755
2069993756;2069993756
2069993757;2069993757
2069993758;2069993758
2069993759;2069993759
2069993760;2069993760
2069993761;2069993761
2069993762;2069993762
2069993763;2069993763
2069993764;2069993764
2069993765;2069993765
2069993766;2069993766
2069993767;2069993767
2069993768;2069993768
2069993769;2069993769
2069993770;2069993770
2069993771;2069993771
2069993772;2069993772
2069993773;2069993773
2069993774;2069993774
2069993775;2069993775
2069993776;2069993776
2069993777;2069993777
2069993778;2069993778
2069993779;2069993779
2069993780;2069993780
2069993781;2069993781
2069993782;2069993782
2069993783;2069993783
2069993784;2069993784
2069993785;2069993785
2069993786;2069993786
2069993787;2069993787
2069993788;2069993788
2069993789;2069993789
2069993790;2069993790
2069993791;2069993791
2069993792;2069993792
2069993793;2069993793
2069993794;2069993794
2069993795;2069993795
2069993796;2069993796
2069993797;2069993797
2069993798;2069993798
2069993799;2069993799
2069993800;2069993800
2069993801;2069993801
2069993802;2069993802
2069993803;2069993803
2069993804;2069993804
2069993805;2069993805
2069993806;2069993806
2069993807;2069993807
2069993808;2069993808
2069993809;2069993809
2069993810;2069993810
2069993811;2069993811
2069993812;2069993812
2069993813;2069993813
2069993814;2069993814
2069993815;2069993815
2069993816;2069993816
2069993817;2069993817
2069993818;2069993818
2069993819;2069993819
2069993820;2069993820
2069993821;2069993821
2069993822;2069993822
2069993823;2069993823
2069993824;2069993824
2069993825;2069993825
2069993826;2069993826
2069993827;2069993827
2069993828;2069993828
2069993829;2069993829
2069993830;2069993830
2069993831;2069993831
2069993832;2069993832
2069993833;2069993833
2069993834;2069993834
2069993835;2069993835
2069993836;2069993836
2069993837;2069993837
2069993838;2069993838
2069993839;2069993839
2069993840;2069993840
2069993841;2069993841
2069993842;2069993842
2069993843;2069993843
2069993844;2069993844
2069993845;2069993845
2069993846;2069993846
2069993847;2069993847
2069993848;2069993848
2069993849;2069993849
2069993850;2069993850
2069993851;2069993851
2069993852;2069993852
2069993853;2069993853
2069993854;2069993854
2069993855;2069993855
2069993856;2069993856
2069993857;2069993857
2069993858;2069993858
2069993859;2069993859
2069993860;2069993860
2069993861;2069993861
2069993862;2069993862
2069993863;2069993863
2069993864;2069993864
2069993865;2069993865
2069993866;2069993866
2069993867;2069993867
2069993868;2069993868
2069993869;2069993869
2069993870;2069993870
2069993871;2069993871
2069993872;2069993872
2069993873;2069993873
2069993874;2069993874
2069993875;2069993875
2069993876;2069993876
2069993877;2069993877
2069993878;2069993878
2069993879;2069993879
2069993880;2069993880
2069993881;2069993881
2069993882;2069993882
2069993883;2069993883
2069993884;2069993884
2069993885;2069993885
2069993886;2069993886
2069993887;2069993887
2069993888;2069993888
2069993889;2069993889
2069993890;2069993890
2069993891;2069993891
2069993892;2069993892
2069993893;2069993893
2069993894;2069993894
2069993895;2069993895
2069993896;2069993896
2069993897;2069993897
2069993898;2069993898
2069993899;2069993899
2069993900;2069993900
2069993901;2069993901
2069993902;2069993902
2069993903;2069993903
2069993904;2069993904
2069993905;2069993905
2069993906;2069993906
2069993907;2069993907
2069993908;2069993908
2069993909;2069993909
2069993910;2069993910
2069993911;2069993911
2069993912;2069993912
2069993913;2069993913
2069993914;2069993914
2069993915;2069993915
2069993916;2069993916
2069993917;2069993917
2069993918;2069993918
2069993919;2069993919
2069993920;2069993920
2069993921;2069993921
2069993922;2069993922
2069993923;2069993923
2069993924;2069993924
2069993925;2069993925
2069993926;2069993926
2069993927;2069993927
2069993928;2069993928
2069993929;2069993929
2069993930;2069993930
2069993931;2069993931
2069993932;2069993932
2069993933;2069993933
2069993934;2069993934
2069993935;2069993935
2069993936;2069993936
2069993937;2069993937
2069993938;2069993938
2069993939;2069993939
2069993940;2069993940
2069993941;2069993941
2069993942;2069993942
2069993943;2069993943
2069993944;2069993944
2069993945;2069993945
2069993946;2069993946
2069993947;2069993947
2069993948;2069993948
2069993949;2069993949
2069993950;2069993950
2069993951;2069993951
2069993952;2069993952
2069993953;2069993953
2069993954;2069993954
2069993955;2069993955
2069993956;2069993956
2069993957;2069993957
2069993958;2069993958
2069993959;2069993959
2069993960;2069993960
2069993961;2069993961
2069993962;2069993962
2069993963;2069993963
2069993964;2069993964
2069993965;2069993965
2069993966;2069993966
2069993967;2069993967
2069993968;2069993968
2069993969;2069993969
2069993970;2069993970
2069993971;2069993971
2069993972;2069993972
2069993973;2069993973
2069993974;2069993974
2069993975;2069993975
2069993976;2069993976
2069993977;2069993977
2069993978;2069993978
2069993979;2069993979
2069993980;2069993980
2069993981;2069993981
2069993982;2069993982
2069993983;2069993983
2069993984;2069993984
2069993985;2069993985
2069993986;2069993986
2069993987;2069993987
2069993988;2069993988
2069993989;2069993989
2069993990;2069993990
2069993991;2069993991
2069993992;2069993992
2069993993;2069993993
2069993994;2069993994
2069993995;2069993995
2069993996;2069993996
2069993997;2069993997
2069993998;2069993998
2069993999;2069993999
2069994000;2069994000
2069994001;2069994001
2069994002;2069994002
2069994003;2069994003
2069994004;2069994004
2069994005;2069994005
2069994006;2069994006
2069994007;2069994007
2069994008;2069994008
2069994009;2069994009
2069994010;2069994010
2069994011;2069994011
2069994012;2069994012
2069994013;2069994013
2069994014;2069994014
2069994015;2069994015
2069994016;2069994016
2069994017;2069994017
2069994018;2069994018
2069994019;2069994019
2069994020;2069994020
2069994021;2069994021
2069994022;2069994022
2069994023;2069994023
2069994024;2069994024
2069994025;2069994025
2069994026;2069994026
2069994027;2069994027
2069994028;2069994028
2069994029;2069994029
2069994030;2069994030
2069994031;2069994031
2069994032;2069994032
2069994033;2069994033
2069994034;2069994034
2069994035;2069994035
2069994036;2069994036
2069994037;2069994037
2069994038;2069994038
2069994039;2069994039
2069994040;2069994040
2069994041;2069994041
2069994042;2069994042
2069994043;2069994043
2069994044;2069994044
2069994045;2069994045
2069994046;2069994046
2069994047;2069994047
2069994048;2069994048
2069994049;2069994049
2069994050;2069994050
2069994051;2069994051
2069994052;2069994052
2069994053;2069994053
2069994054;2069994054
2069994055;2069994055
2069994056;2069994056
2069994057;2069994057
2069994058;2069994058
2069994059;2069994059
2069994060;2069994060
2069994061;2069994061
2069994062;2069994062
2069994063;2069994063
2069994064;2069994064
2069994065;2069994065
2069994066;2069994066
2069994067;2069994067
2069994068;2069994068
2069994069;2069994069
2069994070;2069994070
2069994071;2069994071
2069994072;2069994072
2069994073;2069994073
2069994074;2069994074
2069994075;2069994075
2069994076;2069994076
2069994077;2069994077
2069994078;2069994078
2069994079;2069994079
2069994080;2069994080
2069994081;2069994081
2069994082;2069994082
2069994083;2069994083
2069994084;2069994084
2069994085;2069994085
2069994086;2069994086
2069994087;2069994087
2069994088;2069994088
2069994089;2069994089
2069994090;2069994090
2069994091;2069994091
2069994092;2069994092
2069994093;2069994093
2069994094;2069994094
2069994095;2069994095
2069994096;2069994096
2069994097;2069994097
2069994098;2069994098
2069994099;2069994099
2069994100;2069994100
2069994101;2069994101
2069994102;2069994102
2069994103;2069994103
2069994104;2069994104
2069994105;2069994105
2069994106;2069994106
2069994107;2069994107
2069994108;2069994108
2069994109;2069994109
2069994110;2069994110
2069994111;2069994111
2069994112;2069994112
2069994113;2069994113
2069994114;2069994114
2069994115;2069994115
2069994116;2069994116
2069994117;2069994117
2069994118;2069994118
2069994119;2069994119
2069994120;2069994120
2069994121;2069994121
2069994122;2069994122
2069994123;2069994123
2069994124;2069994124
2069994125;2069994125
2069994126;2069994126
2069994127;2069994127
2069994128;2069994128
2069994129;2069994129
2069994130;2069994130
2069994131;2069994131
2069994132;2069994132
2069994133;2069994133
2069994134;2069994134
2069994135;2069994135
2069994136;2069994136
2069994137;2069994137
2069994138;2069994138
2069994139;2069994139
2069994140;2069994140
2069994141;2069994141
2069994142;2069994142
2069994143;2069994143
2069994144;2069994144
2069994145;2069994145
2069994146;2069994146
2069994147;2069994147
2069994148;2069994148
2069994149;2069994149
2069994150;2069994150
2069994151;2069994151
2069994152;2069994152
2069994153;2069994153
2069994154;2069994154
2069994155;2069994155
2069994156;2069994156
2069994157;2069994157
2069994158;2069994158
2069994159;2069994159
2069994160;2069994160
2069994161;2069994161
2069994162;2069994162
2069994163;2069994163
2069994164;2069994164
2069994165;2069994165
2069994166;2069994166
2069994167;2069994167
2069994168;2069994168
2069994169;2069994169
2069994170;2069994170
2069994171;2069994171
2069994172;2069994172
2069994173;2069994173
2069994174;2069994174
2069994175;2069994175
2069994176;2069994176
2069994177;2069994177
2069994178;2069994178
2069994179;2069994179
2069994180;2069994180
2069994181;2069994181
2069994182;2069994182
2069994183;2069994183
2069994184;2069994184
2069994185;2069994185
2069994186;2069994186
2069994187;2069994187
2069994188;2069994188
2069994189;2069994189
2069994190;2069994190
2069994191;2069994191
2069994192;2069994192
2069994193;2069994193
2069994194;2069994194
2069994195;2069994195
2069994196;2069994196
2069994197;2069994197
2069994198;2069994198
2069994199;2069994199
2069994200;2069994200
2069994201;2069994201
2069994202;2069994202
2069994203;2069994203
2069994204;2069994204
2069994205;2069994205
2069994206;2069994206
2069994207;2069994207
2069994208;2069994208
2069994209;2069994209
2069994210;2069994210
2069994211;2069994211
2069994212;2069994212
2069994213;2069994213
2069994214;2069994214
2069994215;2069994215
2069994216;2069994216
2069994217;2069994217
2069994218;2069994218
2069994219;2069994219
2069994220;2069994220
2069994221;2069994221
2069994222;2069994222
2069994223;2069994223
2069994224;2069994224
2069994225;2069994225
2069994226;2069994226
2069994227;2069994227
2069994228;2069994228
2069994229;2069994229
2069994230;2069994230
2069994231;2069994231
2069994232;2069994232
2069994233;2069994233
2069994234;2069994234
2069994235;2069994235
2069994236;2069994236
2069994237;2069994237
2069994238;2069994238
2069994239;2069994239
2069994240;2069994240
2069994241;2069994241
2069994242;2069994242
2069994243;2069994243
2069994244;2069994244
2069994245;2069994245
2069994246;2069994246
2069994247;2069994247
2069994248;2069994248
2069994249;2069994249
2069994250;2069994250
2069994251;2069994251
2069994252;2069994252
2069994253;2069994253
2069994254;2069994254
2069994255;2069994255
2069994256;2069994256
2069994257;2069994257
2069994258;2069994258
2069994259;2069994259
2069994260;2069994260
2069994261;2069994261
2069994262;2069994262
2069994263;2069994263
2069994264;2069994264
2069994265;2069994265
2069994266;2069994266
2069994267;2069994267
2069994268;2069994268
2069994269;2069994269
2069994270;2069994270
2069994271;2069994271
2069994272;2069994272
2069994273;2069994273
2069994274;2069994274
2069994275;2069994275
2069994276;2069994276
2069994277;2069994277
2069994278;2069994278
2069994279;2069994279
2069994280;2069994280
2069994281;2069994281
2069994282;2069994282
2069994283;2069994283
2069994284;2069994284
2069994285;2069994285
2069994286;2069994286
2069994287;2069994287
2069994288;2069994288
2069994289;2069994289
2069994290;2069994290
2069994291;2069994291
2069994292;2069994292
2069994293;2069994293
2069994294;2069994294
2069994295;2069994295
2069994296;2069994296
2069994297;2069994297
2069994298;2069994298
2069994299;2069994299
2069994300;2069994300
2069994301;2069994301
2069994302;2069994302
2069994303;2069994303
2069994304;2069994304
2069994305;2069994305
2069994306;2069994306
2069994307;2069994307
2069994308;2069994308
2069994309;2069994309
2069994310;2069994310
2069994311;2069994311
2069994312;2069994312
2069994313;2069994313
2069994314;2069994314
2069994315;2069994315
2069994316;2069994316
2069994317;2069994317
2069994318;2069994318
2069994319;2069994319
2069994320;2069994320
2069994321;2069994321
2069994322;2069994322
2069994323;2069994323
2069994324;2069994324
2069994325;2069994325
2069994326;2069994326
2069994327;2069994327
2069994328;2069994328
2069994329;2069994329
2069994330;2069994330
2069994331;2069994331
2069994332;2069994332
2069994333;2069994333
2069994334;2069994334
2069994335;2069994335
2069994336;2069994336
2069994337;2069994337
2069994338;2069994338
2069994339;2069994339
2069994340;2069994340
2069994341;2069994341
2069994342;2069994342
2069994343;2069994343
2069994344;2069994344
2069994345;2069994345
2069994346;2069994346
2069994347;2069994347
2069994348;2069994348
2069994349;2069994349
2069994350;2069994350
2069994351;2069994351
2069994352;2069994352
2069994353;2069994353
2069994354;2069994354
2069994355;2069994355
2069994356;2069994356
2069994357;2069994357
2069994358;2069994358
2069994359;2069994359
2069994360;2069994360
2069994361;2069994361
2069994362;2069994362
2069994363;2069994363
2069994364;2069994364
2069994365;2069994365
2069994366;2069994366
2069994367;2069994367
2069994368;2069994368
2069994369;2069994369
2069994370;2069994370
2069994371;2069994371
2069994372;2069994372
2069994373;2069994373
2069994374;2069994374
2069994375;2069994375
2069994376;2069994376
2069994377;2069994377
2069994378;2069994378
2069994379;2069994379
2069994380;2069994380
2069994381;2069994381
2069994382;2069994382
2069994383;2069994383
2069994384;2069994384
2069994385;2069994385
2069994386;2069994386
2069994387;2069994387
2069994388;2069994388
2069994389;2069994389
2069994390;2069994390
2069994391;2069994391
2069994392;2069994392
2069994393;2069994393
2069994394;2069994394
2069994395;2069994395
2069994396;2069994396
2069994397;2069994397
2069994398;2069994398
2069994399;2069994399
2069994400;2069994400
2069994401;2069994401
2069994402;2069994402
2069994403;2069994403
2069994404;2069994404
2069994405;2069994405
2069994406;2069994406
2069994407;2069994407
2069994408;2069994408
2069994409;2069994409
2069994410;2069994410
2069994411;2069994411
2069994412;2069994412
2069994413;2069994413
2069994414;2069994414
2069994415;2069994415
2069994416;2069994416
2069994417;2069994417
2069994418;2069994418
2069994419;2069994419
2069994420;2069994420
2069994421;2069994421
2069994422;2069994422
2069994423;2069994423
2069994424;2069994424
2069994425;2069994425
2069994426;2069994426
2069994427;2069994427
2069994428;2069994428
2069994429;2069994429
2069994430;2069994430
2069994431;2069994431
2069994432;2069994432
2069994433;2069994433
2069994434;2069994434
2069994435;2069994435
2069994436;2069994436
2069994437;2069994437
2069994438;2069994438
2069994439;2069994439
2069994440;2069994440
2069994441;2069994441
2069994442;2069994442
2069994443;2069994443
2069994444;2069994444
2069994445;2069994445
2069994446;2069994446
2069994447;2069994447
2069994448;2069994448
2069994449;2069994449
2069994450;2069994450
2069994451;2069994451
2069994452;2069994452
2069994453;2069994453
2069994454;2069994454
2069994455;2069994455
2069994456;2069994456
2069994457;2069994457
2069994458;2069994458
2069994459;2069994459
2069994460;2069994460
2069994461;2069994461
2069994462;2069994462
2069994463;2069994463
2069994464;2069994464
2069994465;2069994465
2069994466;2069994466
2069994467;2069994467
2069994468;2069994468
2069994469;2069994469
2069994470;2069994470
2069994471;2069994471
2069994472;2069994472
2069994473;2069994473
2069994474;2069994474
2069994475;2069994475
2069994476;2069994476
2069994477;2069994477
2069994478;2069994478
2069994479;2069994479
2069994480;2069994480
2069994481;2069994481
2069994482;2069994482
2069994483;2069994483
2069994484;2069994484
2069994485;2069994485
2069994486;2069994486
2069994487;2069994487
2069994488;2069994488
2069994489;2069994489
2069994490;2069994490
2069994491;2069994491
2069994492;2069994492
2069994493;2069994493
2069994494;2069994494
2069994495;2069994495
2069994496;2069994496
2069994497;2069994497
2069994498;2069994498
2069994499;2069994499
2069994500;2069994500
2069994501;2069994501
2069994502;2069994502
2069994503;2069994503
2069994504;2069994504
2069994505;2069994505
2069994506;2069994506
2069994507;2069994507
2069994508;2069994508
2069994509;2069994509
2069994510;2069994510
2069994511;2069994511
2069994512;2069994512
2069994513;2069994513
2069994514;2069994514
2069994515;2069994515
2069994516;2069994516
2069994517;2069994517
2069994518;2069994518
2069994519;2069994519
2069994520;2069994520
2069994521;2069994521
2069994522;2069994522
2069994523;2069994523
2069994524;2069994524
2069994525;2069994525
2069994526;2069994526
2069994527;2069994527
2069994528;2069994528
2069994529;2069994529
2069994530;2069994530
2069994531;2069994531
2069994532;2069994532
2069994533;2069994533
2069994534;2069994534
2069994535;2069994535
2069994536;2069994536
2069994537;2069994537
2069994538;2069994538
2069994539;2069994539
2069994540;2069994540
2069994541;2069994541
2069994542;2069994542
2069994543;2069994543
2069994544;2069994544
2069994545;2069994545
2069994546;2069994546
2069994547;2069994547
2069994548;2069994548
2069994549;2069994549
2069994550;2069994550
2069994551;2069994551
2069994552;2069994552
2069994553;2069994553
2069994554;2069994554
2069994555;2069994555
2069994556;2069994556
2069994557;2069994557
2069994558;2069994558
2069994559;2069994559
2069994560;2069994560
2069994561;2069994561
2069994562;2069994562
2069994563;2069994563
2069994564;2069994564
2069994565;2069994565
2069994566;2069994566
2069994567;2069994567
2069994568;2069994568
2069994569;2069994569
2069994570;2069994570
2069994571;2069994571
2069994572;2069994572
2069994573;2069994573
2069994574;2069994574
2069994575;2069994575
2069994576;2069994576
2069994577;2069994577
2069994578;2069994578
2069994579;2069994579
2069994580;2069994580
2069994581;2069994581
2069994582;2069994582
2069994583;2069994583
2069994584;2069994584
2069994585;2069994585
2069994586;2069994586
2069994587;2069994587
2069994588;2069994588
2069994589;2069994589
2069994590;2069994590
2069994591;2069994591
2069994592;2069994592
2069994593;2069994593
2069994594;2069994594
2069994595;2069994595
2069994596;2069994596
2069994597;2069994597
2069994598;2069994598
2069994599;2069994599
2069994600;2069994600
2069994601;2069994601
2069994602;2069994602
2069994603;2069994603
2069994604;2069994604
2069994605;2069994605
2069994606;2069994606
2069994607;2069994607
2069994608;2069994608
2069994609;2069994609
2069994610;2069994610
2069994611;2069994611
2069994612;2069994612
2069994613;2069994613
2069994614;2069994614
2069994615;2069994615
2069994616;2069994616
2069994617;2069994617
2069994618;2069994618
2069994619;2069994619
2069994620;2069994620
2069994621;2069994621
2069994622;2069994622
2069994623;2069994623
2069994624;2069994624
2069994625;2069994625
2069994626;2069994626
2069994627;2069994627
2069994628;2069994628
2069994629;2069994629
2069994630;2069994630
2069994631;2069994631
2069994632;2069994632
2069994633;2069994633
2069994634;2069994634
2069994635;2069994635
2069994636;2069994636
2069994637;2069994637
2069994638;2069994638
2069994639;2069994639
2069994640;2069994640
2069994641;2069994641
2069994642;2069994642
2069994643;2069994643
2069994644;2069994644
2069994645;2069994645
2069994646;2069994646
2069994647;2069994647
2069994648;2069994648
2069994649;2069994649
2069994650;2069994650
2069994651;2069994651
2069994652;2069994652
2069994653;2069994653
2069994654;2069994654
2069994655;2069994655
2069994656;2069994656
2069994657;2069994657
2069994658;2069994658
2069994659;2069994659
2069994660;2069994660
2069994661;2069994661
2069994662;2069994662
2069994663;2069994663
2069994664;2069994664
2069994665;2069994665
2069994666;2069994666
2069994667;2069994667
2069994668;2069994668
2069994669;2069994669
2069994670;2069994670
2069994671;2069994671
2069994672;2069994672
2069994673;2069994673
2069994674;2069994674
2069994675;2069994675
2069994676;2069994676
2069994677;2069994677
2069994678;2069994678
2069994679;2069994679
2069994680;2069994680
2069994681;2069994681
2069994682;2069994682
2069994683;2069994683
2069994684;2069994684
2069994685;2069994685
2069994686;2069994686
2069994687;2069994687
2069994688;2069994688
2069994689;2069994689
2069994690;2069994690
2069994691;2069994691
2069994692;2069994692
2069994693;2069994693
2069994694;2069994694
2069994695;2069994695
2069994696;2069994696
2069994697;2069994697
2069994698;2069994698
2069994699;2069994699
2069994700;2069994700
2069994701;2069994701
2069994702;2069994702
2069994703;2069994703
2069994704;2069994704
2069994705;2069994705
2069994706;2069994706
2069994707;2069994707
2069994708;2069994708
2069994709;2069994709
2069994710;2069994710
2069994711;2069994711
2069994712;2069994712
2069994713;2069994713
2069994714;2069994714
2069994715;2069994715
2069994716;2069994716
2069994717;2069994717
2069994718;2069994718
2069994719;2069994719
2069994720;2069994720
2069994721;2069994721
2069994722;2069994722
2069994723;2069994723
2069994724;2069994724
2069994725;2069994725
2069994726;2069994726
2069994727;2069994727
2069994728;2069994728
2069994729;2069994729
2069994730;2069994730
2069994731;2069994731
2069994732;2069994732
2069994733;2069994733
2069994734;2069994734
2069994735;2069994735
2069994736;2069994736
2069994737;2069994737
2069994738;2069994738
2069994739;2069994739
2069994740;2069994740
2069994741;2069994741
2069994742;2069994742
2069994743;2069994743
2069994744;2069994744
2069994745;2069994745
2069994746;2069994746
2069994747;2069994747
2069994748;2069994748
2069994749;2069994749
2069994750;2069994750
2069994751;2069994751
2069994752;2069994752
2069994753;2069994753
2069994754;2069994754
2069994755;2069994755
2069994756;2069994756
2069994757;2069994757
2069994758;2069994758
2069994759;2069994759
2069994760;2069994760
2069994761;2069994761
2069994762;2069994762
2069994763;2069994763
2069994764;2069994764
2069994765;2069994765
2069994766;2069994766
2069994767;2069994767
2069994768;2069994768
2069994769;2069994769
2069994770;2069994770
2069994771;2069994771
2069994772;2069994772
2069994773;2069994773
2069994774;2069994774
2069994775;2069994775
2069994776;2069994776
2069994777;2069994777
2069994778;2069994778
2069994779;2069994779
2069994780;2069994780
2069994781;2069994781
2069994782;2069994782
2069994783;2069994783
2069994784;2069994784
2069994785;2069994785
2069994786;2069994786
2069994787;2069994787
2069994788;2069994788
2069994789;2069994789
2069994790;2069994790
2069994791;2069994791
2069994792;2069994792
2069994793;2069994793
2069994794;2069994794
2069994795;2069994795
2069994796;2069994796
2069994797;2069994797
2069994798;2069994798
2069994799;2069994799
